648
20000
11545
11518
11437
11416
11142
11133
11016
10899
10888
10873
10847
10788
10651
10641
10636
10620
10577
10482
10449
10409
10397
10396
10391
10378
10352
10347
10310
10216
10159
10150
10110
10094
10073
10026
9972
9956
9921
9918
9872
9871
9860
9854
9774
9743
9732
9730
9717
9697
9692
9675
9670
9646
9642
9601
9583
9569
9543
9525
9479
9473
9459
9456
9453
9447
9443
9442
9412
9389
9385
9383
9356
9331
9287
9285
9274
9271
9205
9182
9179
9164
9155
9139
9132
9127
9121
9116
9078
9070
9067
9065
9036
9009
9002
8947
8909
8900
8881
8880
8878
8877
8820
8801
8747
8717
8702
8672
8658
8651
8650
8639
8621
8604
8598
8580
8563
8554
8541
8530
8520
8517
8489
8485
8484
8476
8457
8454
8440
8417
8401
8386
8363
8357
8348
8336
8293
8292
8279
8278
8262
8260
8248
8242
8235
8229
8222
8218
8201
8153
8128
8124
8115
8090
8049
8012
7973
7972
7959
7934
7917
7915
7897
7891
7883
7863
7861
7840
7832
7811
7805
7799
7792
7787
7784
7781
7761
7752
7731
7723
7700
7695
7686
7676
7658
7646
7627
7625
7610
7595
7589
7586
7578
7565
7561
7533
7525
7523
7521
7520
7519
7515
7514
7504
7485
7477
7475
7474
7468
7466
7461
7454
7435
7432
7427
7416
7408
7400
7396
7386
7379
7375
7357
7350
7346
7336
7328
7325
7315
7284
7274
7271
7268
7264
7220
7187
7182
7174
7159
7121
7119
7110
7109
7087
7081
7065
7008
7006
6986
6981
6940
6928
6911
6908
6907
6901
6880
6871
6870
6859
6854
6847
6845
6837
6824
6822
6817
6815
6807
6802
6800
6787
6783
6768
6735
6725
6687
6675
6670
6653
6650
6644
6624
6596
6590
6585
6568
6566
6565
6559
6556
6546
6537
6531
6503
6492
6488
6485
6483
6461
6460
6428
6419
6417
6411
6391
6389
6387
6367
6358
6350
6348
6344
6339
6337
6335
6332
6330
6314
6305
6295
6285
6272
6270
6263
6258
6249
6230
6213
6211
6203
6199
6188
6179
6169
6166
6161
6158
6153
6152
6151
6147
6146
6142
6137
6127
6126
6119
6115
6107
6105
6104
6103
6091
6089
6084
6080
6077
6075
6061
6059
6055
6049
6043
6039
6037
6031
6026
6015
6008
6000
5994
5990
5980
5976
5966
5948
5947
5932
5929
5924
5918
5910
5898
5889
5882
5861
5860
5857
5855
5848
5833
5831
5822
5805
5787
5786
5775
5774
5771
5769
5768
5766
5758
5750
5746
5744
5742
5737
5736
5735
5734
5730
5708
5704
5696
5692
5683
5679
5676
5657
5654
5643
5615
5612
5608
5606
5599
5598
5596
5584
5582
5580
5577
5569
5565
5563
5560
5539
5536
5522
5520
5500
5499
5497
5494
5472
5465
5454
5445
5426
5416
5413
5410
5406
5390
5377
5373
5371
5353
5352
5348
5337
5336
5333
5328
5327
5326
5323
5308
5293
5290
5289
5283
5273
5272
5268
5264
5254
5250
5247
5241
5240
5228
5227
5223
5221
5213
5209
5205
5184
5164
5161
5158
5154
5143
5141
5126
5121
5116
5115
5095
5093
5084
5082
5077
5072
5071
5065
5045
5027
5019
5016
5006
5000
4993
4988
4985
4971
4969
4957
4955
4943
4939
4923
4916
4905
4900
4894
4887
4877
4874
4852
4849
4846
4838
4837
4836
4831
4830
4829
4823
4811
4810
4791
4789
4780
4773
4768
4767
4760
4757
4745
4735
4731
4727
4716
4712
4702
4697
4693
4689
4688
4679
4673
4672
4671
4669
4667
4663
4652
4641
4626
4615
4607
4593
4590
4583
4582
4571
4569
4568
4567
4566
4563
4562
4550
4548
4524
4509
4501
4498
4497
4482
4478
4477
4469
4460
4454
4443
4440
4437
4424
4418
4416
4407
4406
4399
4385
4365
4360
4349
4328
4321
4310
4303
4296
4295
4290
4271
4239
4227
4224
4222
4220
4202
4198
4196
4188
4176
4160
4153
4151
4124
4119
4111
4085
4084
4082
4054
4053
4051
4041
4038
4033
4020
4018
4007
4004
4001
