648
20000
11563
11414
11218
11183
11022
10939
10907
10752
10748
10746
10736
10635
10631
10597
10588
10515
10394
10378
10341
10304
10237
10192
10190
10045
10028
9958
9933
9930
9875
9864
9822
9815
9771
9735
9733
9717
9714
9656
9655
9654
9628
9609
9597
9584
9579
9566
9561
9508
9474
9449
9428
9411
9390
9389
9371
9336
9306
9270
9210
9170
9159
9134
9131
9118
9117
9114
9113
9100
9097
9051
9041
9036
8992
8990
8987
8979
8976
8970
8962
8950
8949
8943
8930
8914
8881
8857
8855
8848
8844
8843
8841
8832
8817
8796
8785
8779
8778
8746
8731
8727
8698
8660
8658
8653
8631
8602
8598
8578
8573
8559
8549
8540
8533
8529
8522
8500
8494
8481
8468
8461
8440
8436
8433
8427
8397
8366
8348
8329
8307
8269
8261
8251
8247
8243
8220
8219
8159
8138
8099
8091
8085
8072
8068
8034
8022
8019
8012
8006
8002
7997
7996
7993
7961
7953
7948
7939
7938
7929
7918
7908
7907
7898
7860
7848
7845
7825
7817
7809
7807
7794
7792
7789
7779
7777
7746
7738
7726
7722
7704
7692
7683
7667
7653
7641
7628
7625
7621
7612
7611
7610
7608
7602
7588
7563
7535
7526
7520
7519
7506
7486
7483
7477
7468
7460
7454
7451
7428
7418
7417
7413
7387
7384
7383
7381
7380
7375
7337
7325
7314
7311
7302
7297
7280
7279
7269
7266
7263
7246
7206
7203
7186
7181
7171
7170
7168
7155
7149
7145
7139
7110
7103
7102
7096
7085
7082
7071
7068
7054
7046
7043
7036
7033
7010
6973
6960
6946
6945
6937
6932
6923
6919
6916
6915
6904
6900
6894
6868
6866
6865
6864
6863
6843
6831
6822
6817
6807
6805
6804
6772
6769
6767
6759
6741
6740
6732
6718
6717
6705
6692
6687
6677
6676
6666
6655
6636
6634
6621
6607
6604
6603
6596
6591
6578
6571
6561
6557
6556
6548
6547
6545
6544
6530
6526
6510
6494
6485
6473
6462
6451
6446
6423
6421
6416
6414
6408
6406
6398
6388
6381
6372
6363
6361
6349
6336
6325
6318
6315
6309
6301
6298
6276
6274
6263
6252
6251
6243
6237
6225
6223
6217
6214
6213
6209
6196
6189
6185
6170
6160
6152
6149
6147
6132
6117
6115
6108
6077
6075
6058
6046
6044
6038
6036
6035
6026
6015
6008
6000
5981
5980
5973
5970
5964
5961
5959
5950
5936
5933
5932
5928
5927
5915
5910
5896
5856
5855
5851
5837
5834
5830
5829
5823
5813
5785
5780
5769
5762
5747
5743
5731
5730
5728
5727
5726
5724
5719
5710
5696
5685
5683
5678
5677
5662
5661
5660
5659
5658
5655
5638
5630
5616
5608
5595
5593
5588
5578
5575
5567
5561
5560
5551
5549
5546
5545
5537
5535
5532
5526
5521
5516
5497
5492
5491
5479
5478
5472
5471
5470
5460
5457
5443
5438
5437
5429
5427
5399
5387
5384
5377
5375
5362
5358
5351
5343
5342
5340
5328
5307
5306
5305
5303
5291
5288
5287
5286
5284
5282
5271
5261
5249
5248
5244
5241
5200
5196
5193
5189
5185
5182
5176
5172
5165
5160
5153
5150
5144
5142
5126
5123
5117
5116
5113
5104
5084
5062
5043
5041
5039
5030
5023
5022
5016
4992
4989
4984
4983
4968
4959
4957
4948
4946
4942
4938
4937
4934
4932
4924
4916
4901
4895
4889
4887
4880
4876
4874
4871
4861
4850
4847
4842
4827
4824
4813
4808
4800
4795
4794
4791
4785
4771
4765
4762
4756
4744
4719
4715
4709
4708
4696
4677
4676
4663
4658
4649
4642
4638
4631
4626
4610
4604
4597
4557
4556
4555
4551
4541
4539
4519
4510
4506
4500
4498
4481
4460
4448
4443
4442
4439
4435
4413
4409
4401
4398
4387
4374
4371
4326
4322
4318
4316
4306
4303
4299
4284
4278
4270
4267
4251
4234
4225
4218
4217
4216
4215
4205
4203
4187
4186
4167
4163
4160
4158
4154
4151
4145
4143
4119
4091
4082
4071
4066
4031
4030
4027
4024
4022
4018
4012
4006
