648
20000
11868
11723
11709
11362
11355
11303
11301
11230
11185
11157
10969
10787
10786
10770
10760
10717
10691
10677
10671
10643
10623
10603
10578
10489
10478
10456
10425
10413
10379
10292
10291
10259
10251
10239
10176
10136
10134
10099
10093
10085
10035
10032
9956
9947
9912
9891
9887
9875
9840
9825
9804
9794
9790
9751
9747
9701
9695
9692
9621
9614
9595
9594
9562
9543
9542
9534
9533
9530
9521
9500
9484
9471
9452
9444
9440
9379
9327
9310
9298
9262
9255
9227
9211
9200
9199
9198
9168
9106
9048
9039
9035
8986
8983
8940
8924
8904
8891
8878
8840
8833
8812
8802
8794
8778
8753
8751
8708
8694
8686
8659
8653
8635
8621
8602
8599
8591
8586
8582
8561
8560
8537
8530
8529
8518
8513
8500
8499
8494
8493
8487
8482
8480
8479
8475
8472
8463
8460
8459
8443
8391
8383
8380
8335
8333
8311
8304
8301
8264
8257
8254
8248
8243
8227
8221
8213
8145
8134
8127
8115
8103
8059
8038
8030
8027
8017
7985
7969
7957
7941
7939
7937
7924
7919
7917
7913
7903
7875
7867
7831
7829
7815
7808
7807
7799
7777
7731
7728
7714
7709
7701
7689
7670
7649
7600
7567
7560
7525
7520
7514
7506
7502
7493
7489
7457
7445
7442
7434
7422
7421
7410
7401
7386
7374
7372
7333
7318
7312
7301
7293
7292
7288
7287
7272
7268
7259
7255
7248
7244
7230
7229
7200
7189
7185
7178
7173
7171
7167
7158
7130
7124
7122
7113
7107
7099
7097
7091
7089
7061
7058
7057
7052
7044
7039
7029
7028
7024
7013
7011
6990
6986
6984
6977
6970
6948
6937
6927
6909
6885
6869
6864
6863
6849
6845
6844
6839
6836
6832
6815
6814
6810
6803
6762
6761
6728
6713
6707
6704
6701
6699
6697
6691
6674
6657
6655
6625
6614
6609
6573
6566
6536
6493
6490
6485
6482
6479
6461
6427
6424
6403
6401
6396
6390
6389
6373
6371
6350
6335
6331
6321
6318
6308
6306
6305
6299
6298
6279
6259
6256
6253
6240
6234
6226
6221
6210
6204
6193
6172
6164
6156
6149
6145
6139
6136
6112
6109
6107
6069
6062
6046
6042
6030
6028
6013
6012
6009
6004
5976
5963
5960
5952
5951
5941
5940
5925
5920
5915
5913
5910
5905
5904
5900
5897
5895
5889
5887
5885
5882
5874
5869
5861
5859
5851
5845
5837
5836
5787
5767
5763
5761
5743
5742
5727
5724
5723
5715
5702
5687
5678
5674
5673
5665
5662
5653
5650
5636
5624
5603
5580
5574
5566
5556
5534
5528
5520
5514
5511
5506
5491
5484
5479
5468
5455
5448
5442
5441
5436
5427
5425
5414
5411
5410
5402
5398
5373
5369
5362
5361
5355
5353
5349
5337
5334
5327
5325
5322
5321
5320
5319
5318
5298
5291
5273
5271
5260
5254
5253
5252
5251
5231
5224
5214
5204
5198
5187
5179
5172
5157
5151
5136
5135
5127
5126
5117
5114
5104
5100
5093
5092
5091
5089
5087
5086
5085
5078
5069
5068
5057
5039
5038
5036
5022
5016
5006
5001
4998
4995
4987
4985
4979
4968
4963
4956
4945
4937
4924
4909
4902
4889
4883
4881
4871
4865
4864
4858
4850
4842
4836
4833
4828
4819
4816
4807
4804
4793
4788
4787
4776
4770
4767
4764
4761
4746
4738
4737
4735
4734
4729
4726
4712
4706
4705
4701
4690
4676
4669
4665
4651
4647
4640
4639
4637
4636
4635
4634
4628
4626
4620
4611
4604
4603
4594
4592
4590
4578
4576
4575
4566
4563
4546
4542
4533
4525
4516
4508
4491
4486
4465
4464
4463
4462
4461
4459
4456
4453
4445
4432
4427
4424
4421
4418
4417
4410
4405
4402
4396
4372
4370
4366
4365
4357
4337
4336
4331
4322
4315
4313
4312
4310
4287
4281
4277
4266
4240
4239
4234
4228
4223
4222
4220
4218
4215
4202
4196
4173
4172
4169
4164
4155
4149
4133
4122
4120
4114
4107
4106
4089
4088
4080
4073
4049
4047
4042
4040
4032
4026
4018
4011
4007
