648
20000
11830
11683
11327
11314
11280
11275
11236
11186
11147
11016
10971
10870
10864
10783
10778
10751
10600
10514
10479
10478
10477
10473
10375
10327
10292
10272
10262
10251
10217
10196
10194
10181
10135
10095
10000
9992
9982
9980
9976
9950
9946
9900
9883
9844
9823
9820
9789
9745
9742
9722
9716
9700
9692
9653
9636
9614
9611
9595
9579
9566
9563
9561
9547
9537
9523
9489
9487
9458
9450
9447
9444
9425
9382
9342
9324
9271
9254
9250
9245
9197
9161
9146
9138
9101
9078
9061
9049
9032
9016
9004
8997
8978
8976
8974
8955
8938
8913
8879
8864
8851
8841
8784
8779
8762
8754
8742
8741
8736
8716
8688
8684
8679
8664
8648
8626
8620
8596
8579
8566
8529
8505
8483
8479
8434
8399
8394
8375
8368
8356
8351
8349
8346
8331
8326
8323
8317
8300
8288
8275
8256
8254
8242
8188
8168
8166
8164
8113
8109
8100
8099
8097
8093
8091
8088
8085
8075
8070
8049
8034
8033
8030
8004
8000
7999
7990
7985
7983
7978
7937
7928
7926
7925
7924
7916
7907
7890
7875
7820
7796
7786
7785
7779
7778
7759
7754
7736
7726
7718
7706
7679
7676
7618
7614
7604
7594
7589
7562
7535
7532
7526
7524
7517
7509
7494
7491
7488
7471
7461
7459
7449
7442
7418
7416
7402
7387
7386
7377
7360
7353
7335
7324
7313
7306
7295
7292
7287
7283
7267
7260
7254
7253
7251
7239
7214
7213
7207
7183
7171
7155
7146
7134
7132
7124
7120
7119
7114
7091
7087
7078
7071
7069
7060
7054
7031
7022
7010
7009
7008
6994
6989
6986
6968
6939
6925
6920
6915
6911
6890
6886
6884
6883
6867
6845
6840
6808
6784
6774
6772
6766
6759
6745
6744
6735
6710
6707
6698
6695
6689
6677
6676
6665
6628
6625
6620
6614
6613
6610
6589
6575
6571
6565
6562
6560
6557
6539
6536
6531
6528
6510
6505
6496
6491
6476
6474
6462
6430
6412
6403
6402
6396
6388
6382
6379
6372
6366
6365
6359
6342
6336
6313
6305
6292
6290
6287
6284
6281
6256
6241
6235
6225
6219
6206
6197
6189
6175
6163
6161
6150
6144
6143
6120
6105
6103
6083
6082
6079
6066
6058
6042
6038
6016
6005
6004
5995
5988
5981
5973
5971
5966
5950
5942
5930
5925
5923
5918
5910
5880
5872
5870
5845
5842
5827
5821
5805
5804
5795
5793
5792
5781
5776
5749
5745
5690
5682
5674
5669
5663
5651
5649
5634
5625
5616
5615
5613
5612
5606
5600
5594
5586
5585
5583
5579
5576
5572
5566
5562
5553
5552
5541
5539
5534
5527
5494
5493
5488
5465
5463
5459
5448
5443
5439
5431
5430
5428
5414
5407
5403
5400
5396
5380
5377
5371
5357
5338
5333
5332
5329
5295
5294
5290
5289
5287
5285
5269
5266
5261
5256
5246
5241
5236
5231
5227
5226
5206
5202
5188
5182
5180
5178
5176
5173
5172
5165
5159
5158
5146
5145
5144
5130
5125
5123
5116
5107
5105
5099
5068
5067
5055
5052
5050
5048
5034
5028
5020
5017
5004
4995
4993
4990
4987
4976
4960
4958
4947
4940
4935
4930
4924
4919
4916
4905
4904
4900
4891
4881
4878
4869
4865
4862
4858
4851
4846
4833
4831
4818
4816
4812
4811
4805
4797
4780
4773
4770
4747
4742
4741
4739
4738
4735
4733
4730
4722
4720
4719
4717
4712
4711
4701
4689
4687
4671
4670
4660
4646
4643
4641
4634
4629
4609
4607
4604
4593
4586
4584
4577
4576
4573
4569
4563
4561
4556
4554
4552
4548
4544
4543
4511
4509
4508
4505
4500
4499
4497
4490
4479
4475
4474
4462
4444
4442
4439
4435
4424
4419
4405
4398
4397
4384
4381
4377
4369
4365
4361
4359
4358
4346
4340
4339
4331
4324
4317
4314
4279
4273
4268
4267
4257
4254
4239
4231
4227
4220
4214
4213
4212
4200
4182
4174
4159
4153
4135
4130
4125
4120
4112
4103
4102
4101
4099
4093
4091
4070
4060
4053
4050
4045
4027
4002
