648
20000
11637
11454
11354
11341
11264
11233
11186
11092
11040
11029
10904
10812
10806
10763
10751
10696
10671
10662
10643
10547
10546
10528
10512
10452
10444
10434
10415
10394
10383
10373
10301
10286
10263
10256
10246
10221
10216
10215
10213
10199
10192
10185
10174
10085
10079
10036
9955
9947
9895
9886
9859
9803
9771
9770
9740
9730
9728
9714
9688
9668
9585
9584
9541
9525
9510
9494
9492
9467
9462
9425
9400
9388
9374
9335
9297
9289
9288
9272
9257
9243
9240
9223
9202
9192
9098
9097
9085
9083
9062
9056
9055
9041
9036
9031
9028
8978
8965
8961
8947
8944
8933
8870
8798
8788
8764
8737
8719
8718
8714
8712
8698
8677
8663
8646
8640
8593
8541
8540
8529
8482
8475
8473
8456
8434
8429
8396
8387
8379
8341
8339
8326
8319
8284
8270
8268
8261
8252
8246
8243
8211
8203
8199
8186
8175
8174
8172
8115
8110
8099
8095
8080
8028
8015
8014
8009
7998
7986
7983
7982
7978
7975
7970
7964
7959
7948
7913
7904
7898
7886
7875
7857
7850
7844
7843
7832
7828
7798
7779
7758
7727
7721
7703
7696
7657
7652
7644
7641
7636
7624
7620
7615
7611
7610
7590
7572
7571
7567
7563
7562
7545
7544
7537
7535
7533
7531
7522
7517
7486
7479
7478
7442
7434
7430
7420
7410
7397
7355
7351
7350
7340
7315
7289
7279
7278
7266
7263
7253
7248
7220
7207
7204
7203
7193
7148
7136
7126
7106
7103
7098
7097
7089
7081
7072
7071
7054
7040
7038
7031
7026
7018
7009
7000
6985
6968
6963
6956
6935
6925
6905
6901
6887
6883
6882
6858
6848
6828
6820
6797
6793
6789
6776
6769
6760
6751
6749
6740
6733
6725
6722
6718
6717
6714
6711
6709
6702
6700
6695
6681
6672
6659
6655
6636
6635
6630
6612
6610
6607
6591
6583
6580
6576
6564
6548
6546
6539
6536
6515
6503
6502
6474
6472
6467
6463
6457
6454
6445
6442
6429
6418
6412
6408
6403
6402
6401
6399
6380
6379
6368
6364
6342
6331
6307
6306
6305
6300
6288
6273
6269
6259
6251
6249
6231
6205
6198
6193
6184
6180
6177
6168
6157
6134
6132
6119
6116
6097
6096
6094
6092
6064
6062
6058
6050
6044
6034
6030
6013
6001
6000
5999
5992
5989
5987
5974
5942
5938
5936
5934
5927
5911
5905
5887
5885
5882
5865
5861
5852
5847
5813
5808
5806
5800
5792
5782
5767
5763
5738
5720
5717
5714
5697
5694
5687
5680
5655
5636
5635
5623
5622
5607
5600
5598
5586
5579
5573
5568
5562
5554
5530
5518
5502
5495
5489
5488
5486
5475
5469
5455
5453
5433
5431
5430
5429
5424
5418
5417
5399
5396
5394
5392
5388
5384
5381
5378
5366
5355
5340
5331
5324
5317
5302
5300
5294
5290
5286
5272
5262
5256
5252
5249
5248
5247
5236
5235
5232
5231
5221
5205
5204
5187
5182
5179
5168
5146
5125
5115
5108
5101
5077
5071
5069
5066
5051
5048
5047
5046
5037
5034
5033
5031
5028
5021
5019
5017
5015
5004
5003
4998
4987
4986
4978
4971
4969
4967
4963
4960
4954
4947
4943
4936
4932
4929
4927
4921
4920
4914
4913
4902
4891
4887
4874
4871
4864
4861
4858
4852
4850
4843
4826
4822
4806
4789
4787
4786
4777
4774
4771
4765
4760
4757
4754
4748
4735
4728
4691
4689
4688
4683
4680
4678
4671
4663
4662
4649
4646
4635
4630
4627
4625
4624
4619
4611
4606
4600
4588
4585
4580
4575
4574
4570
4565
4552
4543
4531
4521
4518
4505
4480
4477
4465
4459
4456
4446
4434
4428
4423
4420
4415
4404
4399
4398
4388
4385
4375
4339
4336
4335
4328
4312
4311
4308
4295
4289
4285
4283
4281
4274
4269
4268
4267
4257
4230
4226
4225
4218
4214
4204
4197
4193
4185
4182
4153
4147
4142
4137
4136
4131
4126
4124
4117
4112
4091
4088
4082
4077
4074
4069
4063
4055
4054
4048
4047
4041
4039
4038
4037
4035
4017
4003
