648
20000
11677
11280
11258
11101
11087
10994
10951
10882
10858
10851
10788
10770
10594
10593
10578
10530
10380
10373
10370
10288
10194
10170
10152
10147
10141
10137
10129
10125
10118
10115
10091
10077
10076
10035
10006
9962
9910
9890
9841
9834
9824
9815
9798
9790
9752
9686
9655
9654
9641
9638
9609
9593
9572
9549
9538
9526
9509
9490
9477
9435
9414
9367
9342
9319
9255
9216
9206
9160
9114
9110
9084
9077
9066
9048
9043
9014
8979
8968
8944
8936
8923
8901
8900
8896
8895
8884
8880
8867
8863
8848
8830
8807
8792
8765
8758
8746
8743
8722
8712
8685
8675
8672
8656
8614
8575
8545
8490
8447
8427
8415
8409
8356
8355
8346
8337
8302
8283
8255
8232
8224
8195
8177
8159
8150
8145
8144
8138
8134
8095
8094
8093
8092
8085
8059
8045
8044
8033
8032
8025
8017
8012
7994
7991
7990
7982
7962
7960
7956
7944
7919
7906
7895
7894
7855
7854
7852
7844
7839
7827
7822
7807
7790
7780
7768
7746
7728
7726
7707
7699
7691
7689
7655
7652
7638
7620
7614
7613
7609
7601
7599
7595
7581
7562
7560
7539
7533
7531
7521
7520
7517
7513
7512
7507
7499
7496
7495
7486
7479
7478
7473
7466
7459
7443
7387
7373
7367
7347
7344
7330
7327
7323
7320
7303
7294
7287
7270
7241
7236
7205
7194
7192
7189
7171
7170
7155
7148
7145
7136
7130
7127
7106
7100
7093
7080
7077
7076
7075
7061
7060
7058
7057
7032
7028
7021
7017
7002
7001
6996
6995
6989
6967
6962
6954
6948
6923
6919
6896
6880
6872
6865
6863
6853
6852
6843
6838
6830
6824
6819
6818
6808
6798
6796
6780
6774
6765
6758
6754
6746
6735
6726
6723
6712
6704
6694
6690
6686
6685
6663
6657
6650
6647
6644
6640
6634
6633
6618
6616
6601
6594
6590
6588
6579
6558
6550
6539
6519
6515
6511
6500
6498
6493
6471
6467
6459
6448
6439
6433
6424
6423
6407
6405
6402
6389
6387
6377
6367
6353
6348
6347
6346
6343
6341
6327
6326
6305
6283
6280
6278
6274
6270
6264
6257
6253
6244
6242
6229
6225
6215
6214
6203
6196
6188
6184
6181
6179
6171
6167
6164
6163
6155
6154
6151
6145
6138
6131
6126
6125
6121
6119
6117
6114
6109
6107
6080
6078
6075
6072
6065
6060
6059
6054
6047
6044
6041
6029
6021
6018
6014
6011
6005
5992
5978
5976
5963
5962
5947
5940
5936
5932
5930
5926
5923
5912
5903
5898
5895
5894
5884
5882
5877
5873
5868
5849
5832
5826
5819
5818
5815
5814
5808
5806
5804
5797
5788
5784
5773
5771
5765
5761
5760
5756
5752
5740
5737
5729
5725
5711
5704
5703
5702
5679
5643
5630
5625
5622
5621
5613
5605
5603
5601
5589
5585
5583
5577
5555
5552
5549
5547
5545
5544
5542
5540
5538
5535
5534
5531
5519
5518
5515
5493
5475
5466
5462
5438
5435
5418
5408
5402
5399
5391
5389
5362
5360
5352
5351
5349
5344
5341
5320
5299
5295
5286
5281
5248
5240
5206
5191
5169
5157
5142
5130
5109
5104
5102
5099
5077
5071
5063
5060
5045
5044
5037
5035
5026
5014
5012
5010
5009
5000
4986
4983
4968
4962
4958
4955
4952
4942
4941
4929
4928
4921
4919
4914
4909
4906
4900
4893
4888
4887
4871
4864
4863
4862
4855
4851
4847
4832
4831
4821
4814
4811
4806
4801
4799
4796
4794
4791
4789
4766
4762
4749
4748
4737
4733
4717
4713
4709
4705
4698
4677
4655
4647
4643
4641
4640
4625
4619
4604
4596
4592
4577
4575
4561
4539
4496
4488
4485
4481
4461
4447
4429
4415
4395
4389
4378
4373
4369
4368
4348
4347
4335
4319
4311
4307
4302
4296
4294
4292
4290
4287
4279
4274
4273
4257
4256
4254
4250
4242
4232
4228
4205
4201
4186
4183
4181
4174
4170
4167
4164
4143
4114
4109
4102
4096
4086
4085
4068
4057
4054
4053
4043
4042
4031
4020
4015
4011
4004
4002
