648
20000
11671
11585
11467
11356
11319
11273
11264
11156
11126
11078
10840
10832
10824
10798
10740
10600
10579
10553
10455
10434
10413
10393
10374
10293
10292
10240
10216
10207
10194
10183
10152
10113
10089
10075
9997
9987
9980
9978
9973
9937
9916
9883
9871
9845
9836
9804
9793
9780
9753
9722
9717
9660
9644
9642
9601
9592
9586
9553
9517
9509
9504
9491
9489
9486
9484
9465
9456
9444
9388
9345
9342
9336
9332
9330
9326
9244
9236
9231
9205
9201
9189
9179
9175
9149
9142
9139
9134
9110
9106
9065
9053
9046
9040
8981
8980
8961
8915
8914
8880
8858
8843
8842
8839
8815
8814
8809
8779
8769
8767
8761
8727
8703
8686
8649
8586
8571
8541
8531
8522
8520
8515
8502
8478
8465
8462
8445
8427
8393
8390
8389
8363
8362
8344
8342
8321
8300
8285
8281
8276
8220
8217
8208
8193
8190
8177
8176
8166
8163
8157
8148
8144
8138
8131
8125
8119
8114
8106
8105
8104
8102
8094
8080
8069
8062
8055
8042
8036
8010
8002
7979
7959
7957
7953
7924
7905
7898
7893
7869
7862
7857
7826
7825
7815
7813
7812
7803
7792
7782
7720
7718
7707
7692
7671
7669
7664
7652
7644
7642
7631
7627
7620
7617
7603
7593
7574
7570
7557
7555
7547
7541
7538
7536
7517
7481
7475
7460
7457
7444
7440
7428
7426
7424
7395
7392
7366
7365
7355
7348
7346
7342
7336
7296
7289
7279
7250
7249
7227
7221
7218
7204
7203
7199
7186
7183
7170
7162
7161
7132
7101
7099
7089
7077
7032
7021
7004
7003
6987
6985
6983
6932
6926
6911
6910
6896
6889
6882
6879
6864
6863
6855
6844
6835
6828
6816
6804
6802
6795
6790
6782
6762
6751
6744
6741
6740
6729
6715
6710
6709
6697
6696
6679
6657
6656
6655
6653
6643
6620
6615
6614
6603
6585
6564
6561
6551
6511
6505
6491
6479
6476
6475
6454
6451
6450
6448
6445
6424
6423
6418
6416
6412
6410
6405
6403
6401
6397
6390
6386
6383
6380
6374
6354
6349
6334
6307
6298
6293
6279
6272
6262
6261
6245
6228
6225
6210
6200
6192
6180
6160
6153
6139
6123
6122
6119
6086
6083
6081
6071
6068
6062
6060
6028
6021
6010
6006
5996
5983
5978
5965
5963
5959
5956
5953
5951
5935
5934
5932
5916
5915
5914
5903
5893
5883
5858
5838
5835
5833
5810
5803
5767
5757
5750
5738
5734
5717
5709
5706
5702
5700
5698
5695
5689
5686
5675
5669
5658
5657
5647
5627
5617
5611
5604
5602
5596
5568
5562
5560
5556
5555
5550
5542
5536
5521
5520
5510
5504
5490
5487
5481
5478
5475
5473
5465
5448
5447
5445
5442
5439
5434
5419
5412
5408
5407
5395
5387
5384
5373
5369
5359
5353
5349
5326
5315
5303
5286
5272
5271
5268
5253
5245
5244
5242
5238
5237
5225
5216
5210
5202
5191
5189
5182
5180
5162
5157
5145
5134
5120
5103
5099
5094
5089
5064
5059
5044
5040
5034
5029
5025
5021
5017
5016
5010
5007
5003
5002
4994
4993
4982
4973
4964
4963
4952
4937
4935
4934
4930
4929
4913
4908
4898
4897
4891
4890
4888
4886
4875
4874
4872
4848
4845
4834
4825
4816
4812
4803
4802
4799
4796
4790
4788
4784
4778
4760
4755
4751
4745
4744
4741
4734
4720
4713
4696
4686
4675
4672
4656
4650
4636
4635
4627
4600
4593
4591
4585
4573
4562
4560
4555
4552
4540
4530
4524
4523
4521
4518
4514
4498
4483
4481
4478
4472
4466
4458
4457
4456
4454
4453
4443
4437
4431
4422
4413
4405
4403
4394
4392
4390
4372
4357
4353
4351
4340
4332
4319
4318
4317
4313
4299
4289
4282
4278
4276
4269
4260
4254
4248
4246
4244
4241
4234
4223
4219
4218
4212
4204
4201
4199
4192
4189
4185
4182
4179
4175
4151
4150
4147
4131
4128
4115
4114
4104
4102
4099
4093
4085
4083
4082
4064
4054
4050
4041
4035
4030
4028
4027
4026
4022
4011
4010
