648
20000
11592
11556
11443
11323
11302
11220
11175
11105
11059
11044
11010
11003
10957
10853
10832
10747
10745
10708
10707
10697
10688
10679
10658
10655
10650
10621
10597
10585
10434
10404
10396
10378
10353
10347
10340
10338
10315
10292
10262
10258
10251
10237
10214
10201
10195
10124
10091
10090
10085
10076
10019
9974
9959
9916
9907
9875
9864
9860
9810
9795
9786
9773
9751
9737
9695
9680
9640
9602
9558
9516
9498
9474
9428
9427
9403
9397
9379
9351
9318
9237
9231
9190
9182
9177
9167
9148
9143
9104
9099
9097
9085
9071
9039
9038
9002
8990
8965
8960
8953
8947
8917
8914
8909
8908
8900
8887
8883
8880
8861
8857
8817
8812
8808
8789
8763
8759
8742
8717
8671
8657
8644
8629
8615
8607
8585
8574
8543
8534
8527
8521
8520
8508
8462
8457
8441
8436
8429
8419
8392
8383
8376
8375
8373
8349
8342
8335
8331
8318
8293
8292
8289
8276
8273
8246
8220
8216
8195
8180
8150
8140
8080
8036
8027
8026
8017
8013
7992
7972
7958
7922
7914
7911
7900
7897
7889
7875
7842
7840
7831
7822
7819
7812
7807
7803
7732
7727
7725
7699
7690
7680
7679
7662
7659
7648
7630
7620
7611
7608
7591
7571
7568
7559
7549
7539
7535
7520
7515
7499
7421
7418
7414
7394
7393
7387
7369
7357
7350
7347
7346
7339
7311
7299
7289
7287
7280
7279
7274
7270
7263
7260
7259
7256
7252
7235
7227
7226
7202
7180
7176
7171
7163
7162
7148
7107
7099
7090
7075
7074
7066
7063
7039
7037
7013
6997
6968
6960
6959
6941
6939
6937
6915
6914
6906
6894
6886
6866
6856
6855
6846
6845
6832
6813
6809
6791
6789
6784
6780
6773
6753
6752
6745
6738
6722
6716
6690
6655
6643
6641
6636
6633
6626
6623
6621
6610
6566
6562
6560
6548
6545
6490
6480
6478
6455
6454
6427
6419
6416
6412
6410
6393
6392
6382
6377
6375
6370
6346
6340
6339
6335
6329
6296
6294
6282
6271
6268
6257
6237
6231
6206
6204
6203
6199
6197
6189
6148
6136
6133
6108
6084
6083
6072
6066
6059
6046
6039
6032
6015
6011
6010
6002
5980
5951
5950
5949
5945
5906
5894
5893
5891
5869
5866
5860
5844
5836
5834
5831
5830
5825
5815
5813
5812
5806
5788
5784
5777
5768
5760
5758
5755
5747
5746
5742
5738
5711
5698
5696
5693
5690
5677
5676
5675
5673
5667
5665
5661
5643
5632
5621
5616
5611
5603
5598
5589
5583
5541
5537
5530
5522
5517
5513
5507
5503
5496
5493
5488
5478
5465
5460
5454
5441
5430
5421
5413
5412
5411
5408
5401
5400
5379
5375
5374
5365
5350
5347
5346
5345
5336
5321
5316
5310
5305
5304
5297
5286
5267
5261
5259
5253
5249
5244
5235
5231
5225
5220
5219
5198
5190
5174
5162
5158
5144
5143
5137
5131
5130
5128
5125
5121
5112
5098
5095
5093
5090
5076
5072
5067
5064
5060
5052
5037
5019
5017
5004
5003
4994
4990
4987
4974
4971
4966
4965
4962
4961
4944
4938
4927
4919
4918
4916
4911
4907
4904
4902
4893
4892
4887
4878
4876
4873
4871
4866
4864
4859
4857
4849
4845
4841
4840
4837
4829
4826
4816
4813
4803
4794
4791
4788
4787
4757
4746
4737
4736
4735
4730
4729
4728
4723
4714
4697
4690
4686
4685
4663
4658
4645
4643
4637
4627
4624
4623
4617
4610
4607
4606
4603
4602
4594
4593
4588
4579
4552
4550
4542
4530
4517
4515
4506
4500
4496
4495
4483
4475
4468
4455
4454
4452
4450
4447
4442
4441
4439
4438
4430
4425
4415
4414
4413
4412
4406
4404
4399
4396
4389
4387
4380
4369
4367
4363
4358
4345
4341
4334
4333
4332
4329
4327
4312
4311
4291
4286
4278
4259
4258
4245
4238
4231
4230
4226
4213
4200
4192
4188
4178
4176
4168
4152
4151
4139
4135
4134
4133
4130
4118
4116
4112
4110
4099
4094
4087
4081
4074
4069
4053
4051
4016
4014
4009
4004
