648
20000
11595
11478
11383
11293
11252
11211
11187
11146
11096
11034
11025
11014
10958
10930
10826
10795
10739
10690
10672
10618
10617
10614
10552
10547
10535
10469
10464
10444
10401
10384
10371
10337
10335
10329
10288
10276
10206
10202
10171
10116
10098
10096
10091
10072
10065
10036
10018
9981
9964
9911
9897
9862
9858
9822
9806
9796
9754
9747
9686
9682
9638
9605
9600
9588
9576
9556
9503
9449
9431
9428
9414
9400
9378
9332
9328
9309
9291
9261
9185
9172
9135
9115
9095
9091
9068
9054
9048
9047
9026
9018
9006
8998
8950
8933
8921
8917
8899
8885
8872
8861
8845
8839
8820
8809
8803
8799
8791
8785
8737
8728
8726
8700
8660
8659
8625
8610
8591
8588
8575
8568
8549
8501
8465
8464
8441
8418
8408
8374
8362
8351
8326
8298
8294
8291
8275
8259
8247
8215
8208
8206
8203
8200
8196
8143
8138
8135
8131
8124
8118
8109
8064
8063
8037
8036
8035
8032
8022
8009
8007
8004
7989
7988
7978
7956
7950
7944
7929
7922
7909
7888
7883
7881
7865
7822
7794
7787
7776
7772
7770
7764
7757
7744
7740
7723
7717
7716
7713
7697
7692
7659
7647
7643
7640
7634
7632
7624
7616
7614
7593
7588
7573
7564
7556
7553
7548
7544
7527
7526
7518
7508
7503
7474
7447
7420
7401
7400
7389
7387
7376
7374
7371
7370
7368
7329
7293
7287
7271
7269
7261
7253
7249
7230
7229
7218
7208
7183
7178
7177
7147
7135
7116
7111
7108
7094
7078
7071
7069
7062
7059
7055
7050
7044
7039
7034
7027
7021
7015
6944
6939
6927
6924
6922
6919
6908
6897
6894
6881
6871
6867
6852
6848
6834
6806
6805
6803
6801
6798
6796
6783
6779
6774
6773
6752
6725
6719
6716
6695
6671
6647
6633
6627
6618
6617
6615
6607
6602
6582
6578
6568
6567
6553
6542
6539
6531
6515
6510
6505
6502
6501
6499
6470
6445
6443
6441
6437
6433
6423
6422
6411
6398
6378
6376
6364
6363
6360
6349
6346
6339
6331
6320
6298
6294
6291
6280
6277
6267
6266
6256
6255
6238
6227
6216
6211
6201
6199
6191
6173
6172
6171
6167
6165
6162
6161
6141
6128
6115
6110
6080
6076
6060
6052
6049
6039
6019
6006
6004
5983
5963
5935
5933
5931
5914
5909
5905
5903
5897
5890
5888
5881
5866
5863
5861
5860
5859
5854
5849
5846
5843
5830
5808
5800
5797
5789
5766
5761
5760
5748
5741
5723
5718
5711
5695
5693
5690
5683
5671
5646
5645
5643
5618
5601
5596
5587
5576
5569
5566
5564
5557
5555
5554
5544
5543
5536
5530
5526
5520
5491
5486
5484
5462
5448
5441
5440
5432
5420
5418
5409
5406
5402
5397
5393
5383
5376
5374
5366
5365
5363
5352
5339
5328
5326
5311
5310
5302
5290
5288
5275
5274
5256
5248
5244
5237
5212
5191
5183
5180
5175
5165
5145
5142
5139
5137
5136
5135
5120
5116
5112
5107
5093
5091
5090
5077
5063
5062
5059
5039
5038
5031
5019
5011
5008
4995
4990
4987
4976
4970
4969
4964
4962
4961
4954
4952
4948
4943
4929
4927
4918
4906
4904
4902
4892
4870
4866
4858
4854
4853
4850
4829
4828
4808
4804
4802
4793
4782
4763
4762
4754
4752
4739
4727
4725
4717
4710
4709
4708
4707
4704
4692
4690
4672
4658
4656
4640
4637
4625
4621
4610
4604
4602
4597
4595
4589
4587
4579
4578
4564
4553
4551
4550
4548
4547
4541
4534
4533
4526
4524
4508
4496
4490
4483
4482
4480
4464
4451
4450
4447
4442
4438
4432
4430
4427
4424
4418
4412
4410
4409
4404
4401
4399
4386
4356
4354
4335
4328
4321
4310
4307
4299
4291
4279
4275
4262
4257
4251
4250
4242
4238
4231
4226
4223
4208
4207
4203
4196
4194
4192
4188
4174
4173
4145
4131
4127
4125
4124
4122
4120
4109
4107
4106
4102
4093
4090
4086
4083
4078
4072
4063
4041
4037
4033
4032
4029
4022
4016
4008
4003
4001
4000
