648
20000
11605
11535
11456
11401
11265
11201
11129
11119
11107
11105
11055
11046
10969
10940
10929
10879
10861
10794
10745
10685
10684
10677
10655
10650
10597
10554
10510
10358
10353
10248
10238
10233
10199
10181
10179
10148
10111
10076
10032
9971
9963
9956
9942
9871
9865
9854
9804
9794
9756
9739
9698
9668
9657
9593
9589
9546
9544
9529
9524
9515
9495
9436
9425
9424
9423
9411
9409
9399
9397
9392
9374
9326
9314
9272
9235
9221
9209
9195
9146
9142
9132
9130
9127
9126
9123
9122
9116
9108
9104
9098
9093
9044
9030
9019
9016
9004
8968
8956
8949
8944
8917
8898
8884
8864
8830
8816
8761
8758
8738
8736
8724
8713
8708
8676
8621
8605
8589
8588
8584
8554
8551
8515
8509
8492
8479
8469
8467
8442
8441
8421
8405
8389
8375
8373
8369
8359
8349
8335
8328
8284
8269
8265
8256
8243
8237
8228
8204
8180
8156
8144
8134
8133
8126
8107
8105
8101
8091
8086
8079
8074
8062
8052
8050
8043
8036
8029
8009
7983
7979
7966
7959
7950
7947
7941
7931
7927
7903
7902
7898
7891
7889
7887
7875
7857
7852
7849
7847
7839
7836
7829
7818
7808
7746
7743
7723
7720
7684
7666
7661
7654
7653
7622
7615
7519
7514
7479
7477
7472
7447
7436
7433
7426
7418
7410
7407
7390
7385
7383
7382
7365
7360
7355
7342
7341
7333
7330
7313
7296
7264
7260
7255
7243
7234
7223
7202
7179
7175
7163
7144
7138
7134
7130
7112
7110
7104
7072
7060
7052
7037
7035
7029
7007
7005
6995
6986
6980
6966
6963
6952
6930
6892
6883
6882
6877
6875
6874
6871
6870
6864
6857
6845
6838
6831
6822
6803
6790
6763
6760
6759
6743
6740
6735
6717
6706
6705
6693
6688
6686
6683
6662
6660
6658
6648
6641
6636
6634
6599
6587
6586
6585
6583
6580
6579
6577
6575
6574
6569
6564
6553
6552
6547
6537
6510
6503
6495
6494
6493
6492
6484
6472
6469
6468
6463
6443
6441
6425
6400
6398
6396
6393
6382
6353
6345
6329
6305
6299
6289
6270
6269
6267
6255
6246
6235
6209
6207
6200
6185
6176
6139
6137
6133
6128
6114
6112
6098
6086
6081
6080
6076
6064
6063
6060
6057
6053
6040
6031
6025
6024
6018
6013
6003
5999
5990
5978
5974
5968
5953
5941
5934
5921
5920
5919
5910
5908
5906
5893
5884
5883
5859
5854
5847
5835
5823
5812
5810
5786
5757
5740
5729
5728
5712
5706
5705
5690
5681
5678
5670
5668
5659
5656
5652
5645
5640
5639
5630
5621
5597
5564
5557
5538
5524
5511
5494
5479
5475
5473
5465
5448
5445
5439
5434
5430
5429
5416
5404
5399
5398
5386
5379
5355
5339
5335
5321
5287
5286
5281
5280
5273
5271
5262
5238
5237
5234
5224
5220
5214
5206
5204
5199
5198
5195
5162
5159
5153
5136
5135
5131
5126
5114
5111
5088
5084
5082
5073
5059
5052
5042
5035
5013
5011
4999
4993
4991
4989
4978
4966
4964
4963
4955
4920
4918
4917
4916
4915
4914
4903
4900
4899
4897
4890
4887
4879
4855
4850
4849
4848
4847
4840
4839
4838
4822
4807
4784
4776
4773
4766
4765
4753
4744
4742
4739
4735
4731
4729
4727
4719
4712
4698
4697
4694
4690
4681
4680
4679
4675
4662
4639
4634
4633
4631
4623
4619
4618
4617
4614
4605
4597
4585
4577
4571
4564
4558
4555
4554
4552
4551
4539
4525
4519
4516
4512
4501
4496
4489
4488
4487
4482
4474
4468
4463
4460
4459
4455
4450
4433
4421
4420
4416
4413
4409
4404
4399
4394
4389
4379
4371
4362
4359
4356
4353
4344
4341
4332
4328
4325
4323
4309
4298
4296
4290
4287
4279
4278
4273
4271
4266
4265
4260
4254
4253
4251
4247
4244
4243
4241
4233
4229
4228
4219
4206
4187
4184
4183
4180
4176
4171
4168
4166
4156
4155
4136
4100
4095
4089
4088
4077
4061
4055
4046
4041
4040
4038
4035
4027
4024
4014
4013
4012
