648
20000
11770
11659
11413
11358
11260
11174
11090
10967
10883
10829
10649
10603
10580
10575
10557
10454
10452
10381
10372
10361
10359
10342
10314
10266
10263
10256
10254
10233
10194
10181
10124
10101
10029
10001
9997
9990
9987
9963
9926
9888
9876
9868
9866
9805
9790
9753
9752
9746
9727
9716
9687
9658
9647
9632
9624
9608
9578
9560
9545
9539
9526
9517
9512
9483
9474
9442
9426
9407
9401
9373
9358
9348
9340
9319
9316
9283
9281
9262
9246
9219
9214
9185
9184
9174
9165
9158
9145
9131
9109
9099
9098
9079
9077
9002
8996
8991
8957
8953
8947
8941
8924
8887
8884
8817
8815
8794
8777
8769
8765
8748
8743
8688
8687
8684
8683
8678
8663
8654
8645
8644
8641
8638
8581
8580
8578
8562
8547
8535
8523
8516
8483
8463
8446
8422
8401
8395
8376
8374
8349
8346
8330
8295
8293
8265
8261
8212
8210
8197
8170
8149
8148
8145
8144
8092
8087
8064
8058
8049
8047
8037
8003
7979
7978
7969
7966
7962
7956
7943
7927
7915
7884
7872
7864
7853
7824
7799
7798
7797
7761
7754
7745
7734
7723
7700
7695
7690
7680
7662
7654
7648
7647
7645
7639
7635
7597
7580
7574
7554
7548
7534
7520
7515
7486
7468
7461
7457
7440
7423
7411
7402
7396
7388
7387
7385
7380
7368
7359
7357
7349
7344
7331
7304
7298
7291
7258
7243
7226
7221
7210
7203
7186
7180
7178
7173
7148
7141
7131
7121
7096
7086
7071
7063
7059
7046
7037
7023
7012
7005
6992
6986
6978
6964
6957
6956
6944
6934
6911
6899
6873
6865
6860
6859
6853
6835
6822
6808
6798
6784
6778
6774
6751
6748
6747
6745
6708
6690
6684
6655
6648
6645
6640
6632
6624
6623
6612
6603
6590
6583
6565
6551
6528
6526
6522
6520
6516
6515
6508
6504
6496
6475
6469
6460
6458
6455
6453
6452
6445
6432
6421
6420
6411
6406
6403
6400
6393
6385
6373
6368
6348
6346
6341
6336
6333
6332
6330
6328
6327
6316
6306
6294
6281
6280
6271
6267
6264
6259
6252
6244
6232
6214
6213
6211
6208
6200
6190
6189
6183
6160
6157
6153
6151
6149
6142
6133
6122
6117
6105
6102
6098
6096
6095
6094
6088
6085
6076
6075
6074
6058
6047
6027
6017
6008
5997
5988
5985
5973
5970
5956
5948
5940
5934
5904
5897
5889
5877
5870
5860
5847
5846
5835
5828
5827
5808
5780
5762
5760
5750
5731
5721
5707
5704
5698
5694
5691
5688
5681
5639
5632
5628
5620
5616
5609
5592
5585
5583
5581
5576
5572
5570
5554
5553
5552
5537
5536
5524
5520
5517
5495
5492
5478
5472
5460
5457
5454
5452
5446
5443
5436
5433
5409
5400
5376
5369
5362
5359
5354
5352
5340
5337
5323
5321
5318
5299
5297
5293
5281
5276
5272
5271
5270
5261
5258
5252
5251
5247
5238
5232
5229
5228
5224
5222
5208
5194
5191
5189
5169
5160
5158
5156
5138
5132
5129
5128
5127
5122
5113
5109
5108
5093
5079
5073
5070
5068
5066
5063
5058
5047
5045
5028
5024
5016
5012
5006
5002
5001
4997
4985
4984
4976
4975
4974
4971
4969
4968
4966
4964
4963
4953
4947
4931
4927
4922
4898
4894
4890
4888
4873
4869
4867
4853
4848
4833
4827
4822
4800
4797
4796
4790
4781
4775
4767
4765
4762
4756
4751
4749
4739
4732
4729
4723
4721
4713
4705
4687
4674
4672
4667
4665
4653
4652
4638
4637
4636
4631
4629
4625
4623
4618
4617
4616
4611
4603
4600
4581
4571
4553
4542
4541
4536
4522
4521
4511
4508
4482
4476
4475
4474
4443
4433
4422
4406
4403
4401
4394
4392
4383
4360
4358
4350
4341
4334
4326
4322
4313
4304
4299
4291
4290
4287
4277
4274
4272
4268
4252
4242
4213
4208
4207
4205
4204
4191
4187
4186
4184
4154
4144
4129
4128
4124
4116
4101
4099
4098
4089
4087
4080
4078
4071
4067
4058
4052
4047
4046
4043
4041
4026
4024
4016
