648
20000
11712
11564
11530
11441
11437
11369
11314
11184
11101
11075
11059
11057
11051
11028
10646
10580
10570
10559
10554
10528
10521
10515
10510
10492
10481
10470
10413
10399
10334
10332
10327
10309
10288
10213
10204
10162
10150
10146
10109
10108
10082
10073
10057
10045
10043
10012
9957
9944
9920
9860
9775
9770
9752
9710
9688
9674
9637
9613
9610
9591
9577
9495
9487
9469
9465
9463
9462
9459
9458
9420
9408
9398
9340
9323
9302
9280
9279
9271
9268
9253
9252
9235
9230
9215
9210
9206
9166
9154
9149
9134
9126
9108
9081
9073
9065
9064
9055
9014
8990
8949
8878
8876
8865
8850
8847
8813
8810
8807
8802
8756
8745
8740
8728
8727
8723
8686
8683
8656
8640
8613
8603
8599
8597
8583
8543
8534
8528
8504
8475
8473
8450
8413
8408
8390
8389
8350
8340
8325
8319
8300
8272
8254
8205
8198
8193
8188
8105
8085
8083
8081
8073
8037
8030
8017
8012
7997
7996
7986
7977
7974
7973
7967
7955
7954
7919
7917
7911
7895
7885
7878
7876
7861
7856
7843
7836
7814
7780
7774
7768
7765
7760
7753
7744
7691
7681
7677
7660
7656
7626
7622
7611
7605
7604
7602
7583
7574
7569
7556
7552
7550
7543
7515
7510
7497
7496
7483
7472
7460
7456
7454
7447
7445
7444
7439
7416
7396
7394
7369
7359
7356
7342
7332
7331
7317
7315
7305
7304
7292
7286
7269
7235
7230
7225
7219
7185
7184
7176
7159
7152
7146
7123
7112
7096
7086
7070
7062
7054
7015
7003
6995
6977
6972
6970
6961
6949
6947
6939
6937
6935
6928
6924
6923
6915
6893
6882
6862
6859
6851
6847
6840
6835
6831
6826
6817
6791
6775
6774
6770
6763
6760
6732
6710
6703
6684
6664
6656
6644
6637
6636
6634
6622
6619
6617
6612
6605
6599
6597
6592
6591
6580
6579
6569
6565
6561
6547
6536
6529
6514
6507
6495
6492
6485
6459
6439
6423
6408
6402
6392
6385
6373
6369
6366
6356
6352
6350
6341
6333
6325
6324
6306
6305
6303
6301
6298
6292
6287
6283
6276
6270
6268
6265
6214
6213
6209
6208
6205
6198
6190
6189
6187
6175
6151
6146
6130
6124
6114
6093
6091
6081
6075
6060
6058
6046
6045
6029
6027
6010
5997
5987
5978
5958
5952
5949
5940
5923
5917
5881
5879
5876
5870
5868
5866
5850
5843
5824
5821
5820
5814
5798
5795
5793
5776
5772
5771
5759
5747
5744
5741
5736
5735
5732
5731
5724
5721
5720
5711
5689
5666
5660
5656
5647
5644
5630
5629
5628
5625
5624
5613
5601
5597
5576
5558
5545
5542
5541
5514
5513
5492
5480
5466
5462
5456
5452
5451
5447
5443
5434
5418
5413
5408
5397
5396
5390
5387
5386
5385
5370
5361
5332
5326
5324
5322
5315
5297
5286
5282
5275
5259
5256
5246
5226
5222
5216
5215
5209
5202
5198
5187
5184
5181
5164
5163
5156
5147
5135
5131
5126
5122
5112
5111
5107
5098
5097
5081
5079
5078
5069
5062
5061
5060
5051
5048
5032
5021
5013
5003
4990
4987
4984
4983
4975
4966
4954
4940
4934
4926
4924
4922
4917
4913
4908
4907
4897
4879
4857
4853
4852
4841
4830
4826
4818
4795
4776
4768
4748
4745
4743
4739
4737
4733
4732
4731
4728
4721
4696
4676
4658
4656
4654
4650
4637
4619
4614
4610
4571
4566
4565
4562
4561
4555
4546
4541
4534
4533
4525
4515
4507
4506
4501
4498
4490
4489
4471
4468
4463
4458
4456
4454
4453
4451
4450
4446
4443
4436
4431
4419
4413
4409
4391
4379
4373
4358
4339
4332
4316
4315
4310
4307
4306
4304
4295
4283
4261
4260
4255
4252
4250
4242
4241
4240
4232
4229
4225
4217
4213
4207
4204
4200
4198
4196
4191
4190
4188
4185
4184
4182
4178
4172
4169
4168
4167
4161
4160
4159
4152
4150
4148
4142
4136
4135
4127
4119
4116
4104
4102
4095
4084
4081
4074
4073
4071
4063
4030
4028
4022
4016
4014
4003
