648
20000
11678
11648
11639
11253
11173
11140
10994
10991
10862
10790
10672
10671
10649
10616
10606
10593
10592
10587
10576
10530
10477
10432
10411
10361
10320
10316
10240
10209
10176
10171
10136
10125
10123
10097
10070
10041
10001
9998
9997
9975
9973
9926
9925
9923
9852
9790
9652
9649
9623
9619
9609
9584
9564
9512
9499
9490
9488
9477
9467
9458
9454
9440
9410
9395
9366
9365
9294
9286
9283
9242
9239
9201
9195
9188
9187
9140
9123
9117
9096
9095
9045
9035
9027
9015
9010
9001
8999
8986
8951
8939
8930
8898
8875
8869
8865
8844
8838
8817
8798
8793
8782
8768
8764
8752
8719
8701
8692
8671
8654
8643
8621
8607
8601
8572
8567
8563
8555
8548
8534
8487
8483
8481
8463
8461
8439
8398
8365
8346
8340
8326
8312
8302
8297
8296
8287
8253
8248
8242
8240
8239
8237
8225
8221
8219
8216
8192
8190
8186
8179
8160
8117
8109
8098
8089
8070
8069
8062
8054
8049
8031
8020
8015
8008
8006
8002
7980
7955
7940
7936
7911
7870
7865
7861
7830
7827
7814
7813
7807
7801
7793
7792
7787
7783
7726
7724
7719
7718
7705
7689
7682
7663
7658
7655
7642
7618
7612
7593
7585
7582
7568
7562
7545
7518
7515
7503
7497
7496
7476
7470
7468
7467
7463
7449
7445
7440
7423
7422
7404
7402
7391
7390
7378
7362
7358
7350
7342
7328
7322
7306
7299
7289
7288
7269
7261
7257
7252
7251
7250
7248
7201
7182
7179
7176
7157
7154
7120
7115
7113
7108
7104
7089
7088
7052
7047
7028
7027
7014
7010
7009
7008
7000
6988
6985
6970
6966
6944
6923
6917
6902
6897
6883
6876
6863
6862
6849
6841
6831
6809
6804
6782
6777
6769
6767
6764
6758
6754
6750
6715
6707
6700
6690
6686
6685
6682
6670
6639
6614
6600
6594
6574
6564
6543
6534
6523
6518
6502
6501
6499
6489
6473
6433
6403
6398
6394
6375
6366
6362
6345
6336
6334
6332
6324
6321
6319
6301
6290
6288
6265
6260
6254
6245
6242
6241
6217
6216
6214
6207
6183
6175
6168
6165
6155
6147
6142
6141
6140
6139
6123
6112
6103
6096
6095
6091
6087
6061
6058
6053
6048
6037
6036
6026
6012
6006
6005
5991
5971
5969
5963
5962
5955
5941
5939
5936
5934
5933
5919
5899
5898
5888
5886
5877
5870
5852
5846
5841
5824
5822
5820
5796
5787
5783
5781
5779
5773
5741
5730
5721
5709
5702
5697
5689
5671
5669
5665
5663
5651
5642
5639
5635
5623
5619
5618
5617
5613
5610
5609
5606
5605
5600
5599
5597
5583
5582
5576
5570
5567
5565
5562
5557
5553
5545
5529
5513
5499
5498
5485
5481
5469
5465
5463
5452
5451
5444
5438
5425
5415
5410
5409
5401
5398
5397
5394
5388
5386
5377
5371
5368
5354
5350
5349
5333
5330
5323
5322
5307
5301
5299
5293
5290
5283
5264
5235
5234
5231
5222
5218
5213
5208
5188
5176
5172
5169
5167
5142
5131
5127
5123
5121
5118
5116
5106
5105
5102
5101
5100
5094
5092
5078
5061
5052
5050
5049
5038
5035
5033
5027
5024
5008
5006
4984
4983
4974
4960
4946
4937
4934
4929
4924
4919
4913
4901
4886
4871
4870
4862
4861
4855
4847
4839
4838
4831
4809
4808
4792
4777
4776
4766
4765
4760
4744
4738
4737
4726
4717
4716
4703
4694
4676
4675
4670
4666
4654
4649
4648
4635
4634
4624
4622
4614
4611
4607
4601
4578
4570
4569
4568
4563
4562
4557
4553
4550
4547
4531
4530
4523
4521
4517
4509
4499
4496
4494
4493
4489
4478
4448
4445
4438
4428
4418
4413
4410
4407
4373
4357
4355
4353
4351
4350
4349
4346
4323
4313
4306
4305
4303
4282
4272
4271
4267
4266
4264
4256
4249
4244
4238
4237
4235
4224
4222
4220
4213
4201
4194
4190
4185
4167
4143
4139
4137
4132
4119
4110
4105
4099
4098
4092
4090
4078
4068
4062
4047
4044
4043
4039
4038
4034
4014
4005
