648
20000
11909
11684
11492
11472
11448
11444
11334
11304
11275
11146
11130
11114
11057
10998
10908
10876
10832
10815
10812
10771
10769
10753
10749
10744
10728
10717
10673
10615
10533
10514
10481
10437
10407
10391
10374
10364
10354
10329
10318
10293
10277
10166
10162
10148
10126
10113
10065
10052
10044
9986
9978
9962
9873
9763
9739
9730
9727
9694
9689
9684
9630
9617
9605
9594
9589
9584
9551
9530
9516
9505
9498
9473
9467
9440
9439
9398
9384
9372
9369
9328
9289
9284
9201
9187
9186
9181
9161
9155
9128
9114
9091
9054
9053
9047
9031
9029
9028
8996
8993
8989
8987
8957
8939
8916
8900
8895
8853
8839
8837
8833
8825
8806
8804
8799
8794
8786
8773
8761
8747
8738
8730
8727
8699
8674
8651
8642
8616
8603
8590
8589
8584
8552
8551
8545
8528
8526
8510
8504
8502
8498
8462
8460
8457
8451
8433
8411
8405
8386
8372
8357
8326
8316
8309
8291
8271
8267
8265
8260
8244
8232
8218
8197
8169
8158
8148
8144
8141
8119
8104
8103
8052
8047
8033
8023
7987
7981
7943
7931
7917
7911
7907
7896
7888
7859
7833
7824
7815
7802
7797
7789
7783
7775
7770
7758
7720
7717
7661
7639
7626
7622
7621
7584
7577
7565
7531
7522
7509
7497
7489
7465
7457
7438
7432
7423
7420
7407
7401
7384
7369
7349
7342
7333
7308
7304
7303
7266
7261
7260
7239
7232
7229
7214
7191
7177
7175
7166
7163
7129
7119
7116
7104
7068
7040
7030
7004
7003
7002
7001
6998
6996
6985
6967
6964
6954
6947
6941
6929
6924
6922
6919
6909
6905
6902
6901
6900
6881
6870
6867
6857
6855
6850
6843
6827
6819
6811
6787
6784
6783
6748
6747
6742
6740
6731
6718
6716
6683
6682
6678
6668
6633
6630
6626
6607
6604
6594
6592
6581
6580
6547
6543
6532
6527
6513
6475
6463
6462
6457
6435
6413
6393
6392
6385
6367
6358
6331
6329
6327
6322
6307
6305
6302
6291
6288
6277
6275
6274
6264
6263
6254
6246
6245
6220
6215
6210
6195
6178
6172
6169
6166
6142
6141
6138
6120
6114
6108
6104
6095
6087
6076
6073
6065
6051
6043
6042
6030
6021
6019
6017
5997
5995
5956
5955
5953
5943
5940
5931
5920
5918
5916
5913
5909
5901
5899
5888
5871
5870
5856
5843
5833
5815
5812
5811
5807
5803
5796
5788
5784
5783
5782
5766
5765
5757
5756
5751
5691
5684
5672
5660
5649
5643
5633
5615
5613
5607
5606
5595
5594
5593
5587
5585
5576
5561
5560
5559
5554
5553
5543
5502
5488
5478
5469
5468
5445
5433
5430
5426
5412
5408
5377
5363
5352
5339
5335
5334
5331
5328
5320
5309
5308
5277
5263
5253
5246
5245
5239
5223
5220
5218
5206
5204
5202
5196
5188
5184
5167
5159
5149
5147
5143
5140
5133
5129
5112
5099
5091
5090
5085
5080
5068
5067
5054
5046
5042
5037
5032
5024
5017
5002
5001
4993
4992
4976
4974
4954
4948
4947
4946
4944
4941
4939
4932
4885
4881
4877
4873
4861
4854
4832
4819
4818
4807
4790
4785
4782
4781
4763
4756
4741
4740
4733
4731
4729
4726
4723
4717
4715
4693
4692
4689
4681
4676
4667
4661
4645
4644
4625
4618
4617
4606
4605
4604
4603
4601
4595
4584
4583
4581
4571
4569
4567
4560
4556
4555
4554
4551
4550
4537
4519
4518
4512
4510
4503
4499
4496
4495
4492
4491
4479
4478
4473
4436
4432
4423
4416
4414
4409
4408
4404
4400
4399
4397
4395
4387
4381
4377
4376
4373
4364
4360
4359
4354
4349
4320
4318
4317
4315
4311
4308
4306
4305
4298
4297
4295
4292
4290
4284
4271
4267
4266
4260
4258
4246
4241
4224
4223
4220
4216
4215
4205
4202
4196
4194
4189
4186
4180
4165
4162
4161
4160
4158
4155
4153
4149
4144
4136
4131
4112
4107
4105
4104
4099
4088
4083
4072
4069
4066
4065
4063
4045
4042
4041
4038
4036
4035
4026
4025
4008
4001
