648
20000
11885
11730
11618
11616
11353
11263
11212
11105
11081
11045
10957
10925
10881
10821
10731
10715
10709
10597
10573
10542
10518
10508
10507
10463
10430
10403
10393
10384
10383
10317
10236
10187
10186
10167
10148
10127
10126
10124
10118
10117
10115
10091
10088
10040
10018
9999
9965
9932
9928
9909
9888
9881
9880
9864
9822
9737
9658
9647
9629
9622
9621
9602
9544
9540
9538
9506
9483
9461
9431
9399
9395
9381
9377
9373
9368
9356
9330
9329
9322
9316
9267
9255
9248
9239
9222
9181
9159
9144
9131
9099
9093
9088
9086
9080
9057
9045
9023
9009
8998
8985
8959
8944
8922
8901
8889
8882
8866
8806
8795
8775
8759
8743
8703
8696
8582
8579
8556
8543
8468
8465
8442
8420
8406
8385
8376
8369
8357
8356
8347
8315
8312
8308
8307
8294
8290
8275
8242
8235
8230
8222
8188
8172
8146
8135
8134
8131
8122
8114
8113
8106
8060
8059
8028
7998
7981
7969
7968
7966
7945
7932
7931
7927
7919
7913
7907
7902
7900
7868
7845
7840
7818
7808
7806
7785
7780
7779
7777
7771
7764
7748
7736
7727
7684
7657
7649
7648
7646
7645
7642
7637
7604
7593
7589
7563
7561
7554
7549
7528
7524
7504
7475
7470
7448
7442
7413
7411
7401
7395
7394
7386
7384
7364
7357
7352
7348
7346
7329
7321
7319
7297
7283
7273
7251
7230
7228
7225
7219
7215
7210
7172
7170
7161
7154
7149
7147
7142
7122
7112
7107
7104
7100
7092
7078
7074
7073
7058
7054
7048
7047
7043
7039
7037
7026
7024
7014
7013
7007
6999
6994
6993
6985
6972
6965
6949
6946
6945
6935
6932
6920
6905
6901
6880
6868
6860
6858
6856
6854
6837
6822
6820
6802
6786
6776
6770
6769
6767
6763
6746
6741
6723
6702
6694
6645
6636
6623
6614
6610
6606
6601
6600
6587
6580
6577
6572
6568
6549
6544
6543
6537
6531
6519
6514
6507
6500
6487
6486
6485
6482
6478
6477
6474
6447
6438
6405
6403
6402
6385
6382
6377
6365
6362
6359
6356
6347
6344
6325
6291
6281
6274
6270
6247
6227
6210
6196
6194
6190
6185
6159
6158
6145
6136
6132
6128
6107
6096
6056
6052
6051
6047
6042
6036
6034
6028
6022
6008
6001
5966
5949
5935
5932
5929
5928
5924
5915
5906
5897
5889
5887
5880
5876
5874
5865
5862
5851
5849
5844
5841
5836
5833
5832
5821
5790
5773
5770
5768
5764
5761
5760
5747
5742
5741
5737
5728
5723
5713
5707
5693
5688
5684
5661
5648
5633
5623
5618
5611
5601
5584
5573
5568
5564
5560
5557
5556
5534
5528
5524
5513
5504
5498
5483
5478
5471
5452
5438
5435
5431
5423
5406
5405
5397
5395
5393
5387
5362
5359
5357
5347
5343
5340
5329
5324
5322
5303
5296
5287
5279
5273
5272
5270
5264
5262
5261
5253
5252
5245
5244
5239
5236
5213
5210
5207
5181
5179
5175
5169
5161
5150
5145
5135
5134
5118
5083
5081
5069
5050
5034
5028
5018
5015
5009
5007
5006
4984
4983
4957
4951
4946
4945
4943
4942
4890
4885
4884
4880
4878
4874
4870
4868
4862
4857
4845
4842
4840
4836
4833
4829
4818
4817
4809
4806
4800
4783
4779
4769
4768
4750
4740
4736
4731
4729
4724
4723
4721
4689
4656
4648
4645
4642
4640
4633
4630
4629
4628
4627
4625
4624
4623
4620
4618
4607
4604
4595
4594
4577
4554
4548
4547
4527
4525
4524
4521
4520
4513
4512
4509
4497
4489
4488
4485
4484
4483
4482
4480
4471
4469
4461
4448
4444
4439
4422
4413
4408
4398
4383
4377
4374
4372
4365
4358
4355
4342
4335
4334
4323
4315
4306
4299
4293
4292
4289
4288
4284
4281
4276
4268
4266
4249
4248
4245
4241
4231
4229
4224
4220
4214
4212
4199
4195
4188
4185
4172
4167
4165
4162
4151
4147
4142
4140
4125
4122
4118
4111
4108
4103
4101
4095
4094
4093
4092
4083
4074
4072
4022
4020
4014
4010
4009
4002
