648
20000
11753
11523
11488
11292
11243
11185
11138
11075
11016
11009
11008
10994
10981
10968
10870
10838
10823
10799
10796
10791
10787
10738
10669
10604
10586
10582
10557
10554
10531
10526
10518
10486
10452
10426
10391
10390
10378
10346
10209
10088
10071
9997
9966
9939
9932
9929
9928
9919
9884
9823
9809
9753
9749
9740
9729
9711
9680
9679
9675
9659
9652
9647
9633
9621
9604
9599
9590
9582
9578
9577
9576
9543
9539
9534
9520
9449
9413
9393
9366
9364
9337
9327
9292
9291
9274
9272
9230
9197
9177
9142
9116
9082
9073
9062
9058
9055
9054
9036
8992
8951
8906
8894
8892
8878
8871
8821
8784
8781
8759
8751
8739
8730
8705
8685
8684
8680
8631
8605
8585
8543
8532
8516
8489
8478
8463
8454
8441
8415
8412
8403
8388
8377
8352
8345
8314
8303
8296
8250
8242
8235
8214
8206
8204
8201
8188
8187
8175
8156
8152
8151
8141
8133
8127
8122
8109
8070
8060
8056
8047
8029
8027
8023
8009
8001
7979
7941
7929
7914
7903
7892
7870
7868
7864
7862
7856
7841
7838
7837
7829
7819
7806
7787
7784
7774
7751
7750
7740
7737
7733
7727
7707
7704
7653
7652
7638
7631
7628
7626
7619
7618
7610
7592
7567
7565
7554
7548
7542
7540
7538
7533
7522
7520
7512
7509
7497
7491
7477
7464
7441
7434
7427
7424
7422
7407
7401
7392
7367
7326
7313
7309
7300
7283
7282
7240
7203
7190
7177
7174
7173
7169
7167
7156
7155
7148
7129
7112
7093
7092
7079
7047
7036
7012
6993
6978
6959
6954
6940
6936
6929
6927
6913
6910
6902
6894
6877
6870
6865
6856
6842
6838
6835
6822
6797
6790
6785
6784
6782
6774
6756
6749
6747
6733
6718
6711
6710
6706
6683
6681
6675
6653
6649
6648
6640
6639
6624
6621
6616
6614
6609
6594
6579
6567
6548
6492
6481
6472
6465
6459
6449
6446
6436
6432
6416
6415
6391
6385
6384
6383
6380
6359
6345
6343
6331
6315
6313
6312
6300
6297
6284
6274
6270
6258
6230
6219
6218
6205
6193
6187
6170
6167
6164
6141
6136
6127
6124
6108
6091
6076
6052
6048
6039
6037
6036
6028
6017
6011
6009
6005
5984
5981
5975
5965
5962
5958
5952
5944
5943
5940
5932
5919
5914
5907
5894
5893
5890
5885
5884
5869
5827
5817
5815
5808
5803
5796
5795
5790
5789
5787
5785
5758
5745
5739
5715
5708
5706
5700
5696
5689
5686
5684
5683
5681
5671
5661
5646
5644
5643
5640
5634
5611
5604
5587
5583
5579
5568
5559
5554
5536
5533
5529
5525
5524
5521
5483
5480
5478
5475
5470
5458
5454
5452
5451
5445
5414
5379
5377
5367
5364
5358
5347
5339
5336
5334
5330
5312
5311
5290
5277
5270
5262
5235
5234
5208
5206
5202
5185
5180
5177
5171
5157
5151
5142
5137
5133
5132
5112
5105
5088
5070
5062
5056
5053
5049
5047
5046
5040
5038
5037
5035
5030
5029
5028
5023
5017
5014
5008
5003
5001
4995
4993
4988
4986
4973
4970
4967
4966
4965
4960
4959
4958
4948
4933
4919
4907
4906
4892
4890
4848
4845
4843
4834
4818
4810
4804
4798
4794
4789
4782
4774
4765
4754
4749
4746
4737
4735
4729
4725
4723
4721
4717
4709
4691
4665
4662
4645
4643
4639
4631
4630
4627
4621
4615
4612
4611
4607
4603
4602
4601
4600
4598
4593
4585
4582
4581
4577
4571
4565
4564
4555
4541
4522
4518
4506
4505
4495
4489
4487
4470
4465
4457
4454
4451
4446
4427
4425
4422
4413
4411
4408
4407
4403
4398
4393
4390
4388
4385
4384
4377
4376
4366
4364
4363
4362
4357
4353
4340
4339
4336
4330
4319
4317
4298
4295
4246
4244
4243
4241
4239
4229
4217
4214
4211
4209
4193
4182
4181
4180
4176
4167
4162
4158
4142
4130
4127
4121
4117
4106
4102
4093
4088
4082
4080
4079
4077
4067
4066
4065
4054
4050
4049
4046
4025
4024
4020
4019
4013
4003
4002
