648
20000
11849
11418
11290
11232
11109
11013
11001
10899
10832
10811
10764
10615
10613
10560
10517
10505
10471
10464
10445
10418
10377
10319
10305
10287
10274
10270
10264
10177
10155
10114
9988
9984
9949
9939
9886
9850
9842
9815
9792
9768
9764
9763
9703
9690
9666
9665
9654
9650
9635
9600
9553
9544
9523
9515
9476
9450
9445
9443
9414
9388
9354
9346
9327
9309
9307
9284
9281
9270
9259
9247
9239
9226
9205
9177
9162
9145
9140
9078
9062
9025
9004
9000
8987
8964
8956
8949
8945
8944
8905
8879
8862
8842
8832
8822
8817
8804
8790
8780
8765
8732
8731
8708
8705
8669
8650
8639
8616
8614
8538
8525
8479
8476
8463
8442
8414
8387
8380
8379
8349
8347
8332
8320
8316
8284
8265
8259
8255
8254
8245
8232
8228
8222
8220
8211
8205
8191
8177
8172
8141
8124
8107
8097
8088
8085
8078
8075
8051
8035
8030
8005
8003
7994
7983
7974
7969
7965
7959
7924
7913
7910
7890
7875
7867
7866
7863
7860
7847
7830
7820
7815
7790
7764
7756
7734
7732
7731
7728
7727
7722
7720
7681
7673
7671
7664
7646
7631
7619
7615
7609
7586
7574
7568
7548
7532
7519
7514
7510
7505
7503
7476
7475
7463
7456
7448
7446
7444
7441
7437
7430
7399
7395
7391
7386
7367
7361
7355
7352
7347
7341
7330
7322
7296
7290
7286
7260
7254
7245
7244
7242
7228
7221
7215
7201
7187
7185
7183
7176
7155
7149
7143
7135
7132
7128
7124
7122
7118
7107
7106
7101
7092
7086
7082
7078
7064
7061
7050
7041
7003
6996
6978
6971
6955
6952
6951
6919
6908
6900
6872
6870
6869
6857
6848
6841
6821
6818
6809
6800
6798
6766
6723
6722
6695
6692
6690
6683
6682
6673
6672
6662
6650
6646
6629
6624
6607
6604
6595
6593
6573
6565
6563
6554
6553
6548
6546
6536
6515
6508
6503
6486
6485
6478
6466
6460
6459
6457
6456
6453
6438
6434
6404
6403
6402
6381
6359
6356
6351
6350
6348
6342
6339
6332
6330
6320
6319
6313
6312
6305
6304
6292
6268
6263
6252
6250
6246
6241
6239
6238
6237
6230
6211
6209
6199
6185
6176
6169
6164
6145
6138
6134
6121
6115
6113
6110
6109
6102
6073
6065
6064
6056
6046
6035
6032
6031
6011
6010
5999
5996
5976
5968
5963
5960
5958
5945
5934
5932
5928
5919
5908
5902
5898
5897
5880
5867
5863
5857
5847
5834
5833
5831
5827
5819
5818
5815
5805
5802
5801
5789
5781
5780
5775
5773
5771
5764
5758
5757
5754
5742
5718
5715
5711
5691
5690
5671
5668
5659
5656
5636
5632
5621
5610
5602
5598
5596
5592
5590
5588
5587
5584
5579
5573
5563
5549
5548
5545
5540
5534
5530
5511
5508
5499
5479
5468
5445
5440
5432
5427
5420
5410
5384
5381
5369
5364
5347
5345
5343
5327
5326
5325
5316
5315
5310
5306
5297
5283
5268
5267
5263
5249
5246
5231
5211
5206
5202
5198
5190
5186
5177
5176
5167
5162
5161
5146
5141
5127
5126
5123
5122
5120
5102
5096
5093
5092
5091
5086
5085
5083
5064
5063
5059
5055
5051
5050
5046
5045
5030
5024
5020
5018
5016
5014
5005
4991
4990
4988
4982
4971
4966
4965
4960
4956
4952
4947
4926
4923
4907
4894
4892
4889
4888
4875
4873
4847
4842
4819
4817
4794
4790
4764
4746
4743
4735
4729
4726
4714
4691
4678
4670
4657
4653
4651
4650
4636
4634
4633
4630
4629
4623
4618
4600
4581
4573
4560
4558
4546
4544
4539
4538
4529
4526
4519
4488
4471
4463
4462
4453
4452
4450
4443
4439
4434
4422
4416
4403
4394
4380
4378
4377
4374
4366
4361
4357
4347
4339
4337
4336
4319
4315
4298
4297
4292
4287
4273
4272
4259
4258
4245
4236
4232
4230
4225
4207
4201
4193
4190
4155
4149
4132
4126
4119
4114
4112
4098
4074
4073
4063
4059
4056
4043
4039
4037
4034
4032
4022
4020
4016
4010
4009
4002
