648
20000
11443
11344
11315
11314
11244
11195
11083
10993
10979
10804
10801
10716
10682
10629
10602
10566
10537
10512
10510
10465
10458
10403
10341
10284
10211
10188
10166
10078
10035
10027
10014
9971
9953
9950
9872
9784
9768
9764
9744
9717
9709
9686
9637
9603
9595
9589
9583
9552
9546
9505
9481
9477
9456
9434
9398
9367
9359
9346
9320
9318
9300
9293
9261
9232
9211
9210
9131
9122
9104
9099
9087
9081
9062
9055
9034
9003
8979
8975
8969
8930
8909
8898
8888
8879
8815
8803
8801
8800
8792
8779
8756
8739
8725
8721
8698
8673
8671
8669
8653
8647
8645
8643
8638
8626
8621
8615
8605
8592
8573
8547
8533
8525
8516
8508
8504
8486
8463
8456
8446
8440
8418
8409
8401
8371
8365
8320
8305
8301
8300
8281
8271
8270
8262
8261
8239
8236
8210
8183
8173
8148
8137
8130
8107
8106
8103
8099
8089
8088
8057
7992
7972
7969
7955
7930
7918
7915
7912
7911
7898
7871
7868
7857
7847
7836
7819
7814
7807
7805
7784
7781
7780
7768
7752
7737
7730
7729
7716
7709
7708
7705
7691
7688
7678
7674
7663
7631
7629
7617
7584
7578
7574
7571
7549
7541
7521
7507
7497
7496
7492
7491
7479
7468
7460
7455
7452
7448
7428
7426
7425
7421
7414
7403
7386
7375
7370
7367
7342
7334
7318
7301
7289
7286
7279
7268
7266
7257
7247
7245
7242
7238
7236
7230
7210
7191
7183
7180
7178
7169
7152
7150
7140
7133
7132
7115
7102
7100
7098
7095
7084
7069
7066
7064
7057
7037
7030
7029
7025
7024
7013
6999
6979
6972
6959
6937
6931
6923
6892
6885
6882
6881
6878
6862
6850
6848
6826
6822
6821
6820
6810
6808
6807
6796
6787
6778
6770
6763
6760
6738
6727
6717
6709
6703
6695
6690
6672
6667
6659
6645
6640
6618
6615
6608
6602
6598
6593
6586
6578
6572
6567
6562
6497
6489
6477
6474
6465
6462
6457
6453
6445
6444
6441
6438
6435
6430
6427
6411
6397
6393
6382
6369
6358
6351
6348
6347
6341
6321
6318
6313
6312
6304
6300
6298
6293
6289
6288
6263
6258
6253
6249
6227
6215
6192
6186
6169
6164
6157
6150
6145
6134
6127
6124
6116
6114
6113
6110
6104
6081
6069
6063
6061
6057
6051
6048
6046
6027
6015
6013
6008
5995
5991
5988
5983
5981
5973
5968
5955
5940
5922
5915
5913
5893
5892
5891
5874
5873
5870
5848
5846
5841
5839
5836
5814
5784
5782
5773
5764
5761
5753
5742
5736
5731
5722
5721
5705
5690
5682
5677
5669
5667
5657
5651
5632
5625
5624
5623
5621
5600
5596
5593
5590
5581
5579
5574
5573
5560
5557
5541
5504
5503
5486
5481
5480
5472
5467
5466
5451
5442
5441
5423
5402
5398
5392
5380
5371
5368
5356
5352
5351
5336
5333
5329
5319
5316
5312
5309
5308
5304
5291
5282
5272
5267
5262
5254
5253
5250
5246
5239
5234
5230
5226
5215
5214
5211
5208
5203
5196
5163
5153
5149
5133
5130
5126
5124
5122
5119
5111
5108
5105
5100
5093
5091
5086
5078
5075
5070
5062
5054
5053
5051
5028
5026
5021
4995
4986
4985
4978
4975
4974
4973
4971
4969
4963
4961
4951
4936
4931
4923
4918
4900
4894
4877
4866
4865
4858
4848
4842
4832
4821
4816
4799
4783
4777
4770
4769
4761
4759
4741
4738
4720
4709
4705
4704
4703
4698
4695
4685
4684
4682
4675
4663
4655
4650
4634
4630
4627
4624
4623
4621
4615
4613
4611
4610
4608
4605
4591
4586
4581
4579
4577
4575
4558
4557
4556
4552
4545
4541
4538
4519
4518
4504
4500
4498
4495
4492
4481
4480
4476
4471
4468
4467
4462
4454
4444
4442
4441
4426
4412
4379
4366
4356
4351
4333
4332
4330
4319
4316
4313
4309
4303
4295
4290
4287
4286
4278
4270
4260
4254
4238
4236
4230
4228
4225
4224
4223
4201
4160
4145
4122
4120
4117
4112
4107
4100
4058
4052
4047
4032
4013
