648
20000
11858
11619
11512
11435
11429
11385
11357
11276
11097
11083
11067
11038
10955
10929
10900
10816
10763
10752
10674
10664
10633
10539
10525
10524
10509
10467
10464
10449
10433
10431
10422
10421
10393
10376
10325
10247
10210
10208
10163
10129
10117
10087
10076
10047
10033
9987
9972
9969
9963
9958
9888
9882
9861
9837
9818
9816
9808
9781
9766
9748
9706
9679
9653
9632
9577
9573
9570
9517
9507
9496
9488
9476
9463
9456
9442
9374
9369
9365
9356
9355
9342
9338
9306
9292
9284
9277
9274
9269
9264
9234
9206
9169
9151
9090
9087
9016
9006
9000
8962
8954
8952
8892
8882
8848
8827
8801
8795
8778
8762
8732
8703
8682
8680
8657
8639
8634
8621
8603
8591
8583
8579
8569
8545
8521
8454
8432
8429
8428
8408
8407
8396
8376
8365
8354
8349
8343
8341
8339
8318
8316
8297
8285
8273
8268
8259
8232
8222
8215
8207
8205
8184
8172
8162
8148
8121
8119
8112
8073
8051
8047
8044
7993
7991
7986
7984
7964
7956
7940
7924
7922
7887
7867
7854
7852
7847
7833
7829
7800
7793
7780
7778
7759
7748
7723
7719
7718
7696
7688
7671
7646
7643
7642
7635
7627
7610
7601
7588
7582
7571
7559
7550
7537
7523
7508
7502
7459
7448
7445
7434
7429
7427
7408
7407
7406
7403
7394
7383
7380
7370
7368
7358
7354
7353
7351
7350
7327
7317
7297
7295
7275
7252
7222
7221
7208
7202
7196
7195
7179
7172
7170
7165
7156
7154
7153
7152
7139
7131
7124
7114
7113
7099
7083
7073
7054
7049
7046
7039
7031
7010
6999
6964
6963
6948
6946
6939
6936
6910
6905
6892
6877
6868
6862
6854
6838
6813
6778
6761
6757
6745
6739
6736
6729
6709
6696
6694
6654
6645
6639
6633
6626
6603
6602
6598
6588
6570
6566
6561
6556
6542
6528
6517
6513
6495
6491
6489
6484
6473
6466
6465
6452
6450
6425
6422
6421
6417
6408
6396
6370
6369
6350
6328
6318
6310
6302
6301
6299
6285
6266
6246
6238
6237
6236
6234
6224
6223
6210
6193
6170
6159
6152
6144
6125
6123
6111
6105
6100
6084
6056
6054
6051
6050
6044
6032
6021
6013
5982
5977
5975
5974
5950
5937
5923
5913
5905
5896
5862
5859
5844
5841
5838
5809
5804
5792
5790
5788
5786
5781
5778
5775
5774
5766
5757
5741
5737
5735
5733
5728
5726
5716
5708
5707
5678
5675
5654
5640
5634
5631
5627
5625
5608
5602
5597
5594
5592
5584
5583
5578
5568
5553
5547
5541
5539
5534
5531
5525
5522
5517
5498
5493
5491
5473
5470
5457
5454
5453
5446
5441
5439
5434
5432
5426
5419
5407
5397
5377
5364
5353
5345
5334
5317
5309
5304
5303
5298
5297
5294
5291
5290
5285
5284
5282
5280
5270
5264
5263
5262
5258
5256
5251
5243
5242
5236
5228
5222
5218
5216
5213
5211
5197
5192
5158
5141
5139
5134
5133
5125
5115
5102
5088
5087
5085
5076
5068
5066
5062
5050
5039
5038
5033
5015
5006
5003
4988
4983
4980
4969
4966
4959
4949
4923
4915
4914
4897
4891
4882
4867
4865
4857
4839
4837
4826
4825
4823
4822
4801
4795
4779
4777
4775
4769
4764
4761
4758
4754
4748
4721
4715
4711
4705
4701
4694
4692
4688
4686
4685
4684
4671
4658
4652
4649
4648
4640
4637
4635
4626
4622
4610
4609
4608
4601
4600
4589
4582
4567
4553
4547
4545
4544
4535
4532
4523
4516
4506
4505
4502
4494
4493
4492
4489
4488
4487
4483
4481
4471
4454
4453
4452
4451
4440
4439
4434
4432
4426
4425
4421
4420
4419
4416
4410
4409
4406
4399
4398
4389
4383
4376
4373
4369
4361
4355
4354
4346
4343
4336
4330
4324
4322
4291
4277
4276
4250
4239
4228
4226
4223
4218
4217
4212
4204
4203
4198
4192
4190
4189
4184
4163
4146
4139
4097
4091
4085
4082
4078
4077
4076
4070
4062
4057
4052
4049
4042
4032
4029
4027
4023
4019
4010
4009
