648
20000
11797
11750
11749
11482
11370
11169
11021
11010
10933
10717
10623
10483
10458
10439
10438
10368
10346
10247
10222
10189
10187
10161
10154
10145
10141
10125
10115
10101
10053
10044
10033
10008
9975
9972
9967
9958
9949
9938
9935
9923
9920
9895
9869
9837
9836
9830
9692
9687
9613
9604
9551
9534
9477
9468
9457
9450
9433
9410
9407
9399
9342
9334
9321
9270
9182
9140
9116
9107
9100
9095
9074
9064
9059
8986
8969
8958
8940
8939
8911
8888
8879
8837
8829
8819
8816
8799
8798
8794
8787
8773
8754
8752
8744
8738
8732
8693
8670
8646
8630
8627
8612
8596
8586
8560
8540
8528
8526
8525
8508
8456
8455
8403
8395
8386
8382
8368
8354
8353
8337
8323
8304
8298
8297
8294
8285
8283
8264
8257
8249
8241
8234
8228
8205
8161
8157
8143
8109
8103
8092
8082
8060
8054
8053
8042
8037
8031
8021
8015
8010
8009
8005
8004
7983
7972
7967
7957
7953
7943
7922
7909
7872
7869
7863
7861
7824
7796
7788
7787
7782
7777
7757
7744
7735
7727
7716
7706
7700
7695
7688
7669
7665
7662
7661
7638
7630
7627
7614
7613
7610
7606
7605
7601
7562
7559
7557
7543
7533
7532
7518
7510
7509
7499
7498
7492
7475
7467
7463
7457
7450
7444
7439
7430
7421
7407
7391
7369
7365
7351
7347
7319
7316
7312
7311
7289
7283
7251
7235
7219
7212
7210
7206
7195
7183
7178
7156
7152
7150
7127
7123
7120
7097
7095
7077
7061
7049
7046
7036
7031
7024
7022
7017
7006
6975
6974
6967
6966
6956
6937
6935
6931
6926
6920
6918
6917
6915
6912
6911
6899
6887
6877
6876
6869
6862
6856
6835
6829
6823
6818
6813
6810
6806
6791
6788
6786
6781
6780
6758
6757
6738
6725
6722
6716
6711
6705
6692
6670
6658
6643
6632
6629
6625
6623
6608
6600
6571
6564
6558
6553
6550
6547
6543
6516
6514
6505
6498
6495
6477
6475
6472
6465
6457
6450
6438
6436
6429
6427
6425
6421
6408
6403
6397
6396
6385
6382
6378
6375
6372
6343
6333
6322
6316
6315
6308
6307
6300
6292
6285
6279
6252
6242
6235
6231
6211
6195
6194
6181
6171
6166
6146
6119
6117
6115
6094
6092
6071
6068
6067
6057
6052
6051
6045
6042
6041
6038
6027
6004
5989
5986
5973
5967
5961
5959
5944
5941
5939
5938
5931
5927
5925
5919
5910
5891
5881
5878
5876
5872
5870
5869
5865
5862
5860
5858
5848
5835
5828
5821
5819
5818
5799
5796
5784
5774
5772
5763
5757
5752
5732
5701
5683
5673
5672
5670
5658
5653
5641
5636
5634
5632
5619
5610
5609
5594
5589
5583
5579
5572
5571
5561
5558
5550
5542
5531
5530
5523
5512
5503
5502
5496
5493
5484
5480
5474
5464
5463
5456
5452
5437
5422
5415
5409
5406
5404
5397
5396
5395
5389
5386
5385
5348
5335
5331
5327
5311
5309
5307
5300
5299
5296
5295
5287
5284
5270
5260
5259
5238
5236
5230
5228
5227
5226
5220
5206
5195
5187
5180
5178
5172
5156
5155
5152
5148
5144
5141
5130
5104
5101
5098
5085
5067
5041
5040
5039
5031
5021
5019
5018
5010
5000
4998
4989
4961
4960
4958
4955
4947
4942
4939
4938
4937
4926
4924
4918
4907
4900
4891
4886
4883
4880
4877
4857
4855
4834
4814
4812
4800
4755
4751
4750
4748
4747
4740
4739
4729
4721
4717
4712
4704
4698
4696
4674
4662
4659
4652
4651
4640
4613
4600
4596
4593
4592
4591
4588
4580
4563
4548
4544
4539
4538
4520
4518
4510
4501
4494
4487
4486
4483
4472
4469
4463
4460
4438
4413
4404
4403
4392
4386
4370
4364
4358
4356
4355
4349
4344
4327
4325
4322
4305
4300
4292
4278
4269
4267
4265
4262
4261
4253
4240
4236
4227
4225
4223
4214
4202
4192
4190
4174
4172
4168
4165
4164
4163
4160
4156
4150
4138
4137
4136
4103
4094
4081
4077
4053
4036
4029
4026
4025
4021
4010
