648
20000
11525
11507
11490
11340
11326
11271
11070
10966
10917
10907
10755
10706
10684
10674
10652
10593
10577
10575
10570
10568
10494
10455
10438
10427
10412
10313
10251
10220
10169
10159
10158
10152
10147
10065
10053
9894
9863
9855
9817
9815
9811
9742
9741
9705
9678
9657
9654
9607
9596
9542
9530
9510
9507
9449
9428
9426
9409
9377
9347
9343
9334
9328
9317
9309
9289
9287
9282
9238
9233
9205
9187
9186
9153
9118
9092
9065
9060
9047
9046
9027
9009
8985
8971
8909
8901
8880
8863
8843
8839
8827
8807
8799
8795
8781
8757
8743
8710
8697
8676
8639
8630
8592
8587
8579
8574
8567
8545
8543
8540
8530
8502
8501
8484
8466
8455
8451
8450
8445
8422
8416
8415
8406
8398
8396
8361
8320
8318
8300
8276
8255
8245
8241
8230
8213
8212
8184
8181
8156
8146
8145
8138
8133
8120
8083
8074
8058
8057
8040
8039
8036
8017
7986
7972
7934
7933
7917
7916
7896
7884
7881
7873
7849
7847
7834
7833
7822
7818
7813
7807
7803
7796
7765
7751
7738
7735
7731
7712
7709
7697
7688
7671
7668
7654
7635
7633
7607
7583
7573
7557
7556
7546
7545
7529
7521
7509
7498
7496
7493
7489
7488
7486
7468
7458
7450
7449
7445
7439
7438
7433
7417
7416
7409
7396
7385
7368
7343
7342
7329
7328
7317
7309
7291
7287
7278
7273
7264
7245
7241
7240
7239
7223
7210
7205
7202
7197
7189
7184
7177
7176
7162
7151
7141
7124
7120
7104
7102
7085
7068
7067
7059
7053
7048
7043
7040
7032
7030
7001
6978
6976
6965
6959
6955
6949
6948
6936
6924
6897
6886
6880
6878
6876
6868
6860
6836
6822
6811
6791
6788
6766
6760
6747
6743
6720
6713
6712
6700
6696
6688
6685
6681
6680
6669
6665
6657
6655
6654
6653
6650
6646
6634
6632
6622
6621
6613
6608
6604
6600
6589
6576
6568
6558
6557
6549
6543
6522
6520
6518
6481
6480
6473
6468
6466
6463
6453
6451
6448
6409
6405
6402
6394
6368
6332
6328
6325
6321
6312
6302
6295
6286
6279
6275
6263
6253
6247
6223
6221
6206
6205
6204
6203
6201
6188
6173
6172
6166
6165
6164
6149
6143
6134
6127
6118
6117
6114
6110
6108
6107
6104
6101
6080
6074
6073
6063
6060
6056
6048
6043
6040
6029
6028
6023
6000
5978
5970
5958
5950
5938
5937
5930
5929
5928
5924
5916
5911
5906
5903
5902
5893
5879
5878
5859
5848
5836
5835
5821
5777
5776
5774
5766
5763
5762
5759
5756
5750
5737
5730
5729
5723
5705
5699
5696
5690
5687
5683
5679
5671
5670
5654
5641
5635
5631
5628
5623
5602
5600
5595
5588
5585
5577
5574
5564
5553
5547
5545
5543
5537
5532
5523
5521
5502
5500
5486
5484
5482
5474
5458
5449
5444
5400
5398
5393
5389
5387
5383
5374
5364
5361
5348
5345
5325
5321
5311
5301
5300
5299
5298
5278
5273
5270
5264
5262
5253
5247
5242
5235
5232
5206
5186
5180
5178
5176
5174
5159
5132
5129
5123
5116
5115
5114
5095
5085
5074
5070
5067
5058
5057
5042
5037
5033
5030
5027
5021
5010
5009
4985
4981
4954
4952
4941
4940
4914
4901
4899
4886
4881
4873
4862
4859
4857
4853
4851
4832
4820
4809
4806
4801
4779
4777
4767
4760
4758
4757
4755
4753
4749
4744
4742
4740
4722
4689
4668
4663
4650
4628
4585
4569
4568
4561
4560
4546
4543
4539
4537
4536
4533
4530
4520
4517
4510
4504
4501
4496
4493
4484
4482
4469
4467
4465
4459
4458
4456
4455
4450
4446
4441
4435
4423
4418
4410
4405
4383
4354
4351
4349
4346
4343
4339
4323
4320
4319
4318
4313
4311
4309
4306
4286
4284
4281
4273
4267
4265
4257
4252
4250
4245
4230
4220
4208
4207
4191
4178
4167
4162
4138
4131
4127
4120
4119
4110
4109
4107
4099
4092
4089
4087
4086
4083
4082
4079
4073
4065
4058
4032
4031
4030
4022
4011
4002
