648
20000
11894
11732
11718
11662
11652
11518
11499
11392
11203
11026
10988
10913
10773
10715
10708
10674
10617
10530
10517
10485
10436
10428
10420
10385
10371
10358
10334
10332
10282
10276
10268
10256
10208
10173
10151
10126
9964
9935
9933
9922
9860
9853
9850
9824
9812
9806
9783
9740
9699
9696
9673
9630
9617
9587
9574
9573
9563
9545
9538
9535
9532
9498
9495
9479
9465
9436
9434
9432
9423
9422
9409
9354
9345
9328
9310
9307
9280
9273
9254
9222
9214
9208
9204
9154
9127
9115
9112
9107
9095
9023
9016
9013
9010
8993
8950
8942
8927
8924
8903
8892
8881
8868
8847
8835
8800
8795
8788
8765
8740
8721
8720
8688
8673
8655
8648
8623
8597
8578
8576
8570
8548
8545
8514
8486
8479
8469
8409
8405
8403
8401
8374
8342
8340
8320
8316
8303
8284
8262
8231
8217
8215
8204
8178
8177
8169
8159
8153
8151
8121
8109
8103
8086
8071
8061
8048
8032
8028
8027
8017
8007
8003
8001
8000
7990
7981
7972
7969
7967
7955
7953
7951
7928
7923
7916
7905
7904
7903
7887
7860
7856
7847
7845
7836
7820
7818
7813
7792
7784
7769
7757
7751
7740
7729
7725
7723
7721
7712
7707
7685
7656
7633
7629
7606
7602
7570
7567
7566
7565
7556
7549
7535
7525
7520
7487
7475
7453
7452
7381
7379
7373
7369
7358
7350
7346
7342
7338
7293
7285
7280
7270
7264
7259
7232
7201
7198
7189
7182
7177
7147
7136
7128
7105
7103
7099
7096
7094
7078
7066
7046
7042
7018
7015
7009
7002
6986
6978
6974
6958
6957
6954
6951
6946
6944
6928
6926
6918
6905
6899
6884
6873
6861
6856
6833
6827
6825
6822
6817
6793
6763
6761
6718
6700
6694
6663
6637
6618
6600
6563
6548
6546
6527
6524
6509
6502
6501
6485
6478
6463
6459
6455
6451
6444
6436
6425
6424
6421
6416
6415
6413
6404
6400
6395
6391
6387
6385
6380
6371
6359
6356
6344
6342
6334
6310
6301
6297
6284
6269
6267
6253
6251
6240
6225
6222
6219
6203
6202
6199
6196
6194
6183
6177
6166
6156
6153
6144
6141
6136
6130
6117
6113
6099
6095
6092
6088
6045
6043
6039
6036
6022
6021
6017
6009
6003
6002
5989
5988
5983
5976
5972
5968
5959
5944
5943
5925
5922
5916
5915
5910
5899
5895
5892
5883
5880
5879
5875
5872
5867
5864
5851
5850
5829
5826
5825
5814
5813
5807
5800
5791
5787
5765
5757
5750
5737
5725
5714
5708
5704
5696
5688
5685
5673
5668
5655
5626
5617
5611
5610
5608
5598
5597
5595
5553
5552
5548
5532
5529
5524
5518
5517
5514
5502
5498
5481
5475
5472
5459
5456
5453
5452
5449
5443
5442
5437
5428
5420
5413
5400
5397
5392
5387
5386
5382
5379
5366
5346
5335
5325
5317
5314
5307
5305
5301
5293
5286
5271
5247
5241
5229
5224
5222
5204
5187
5180
5175
5174
5170
5169
5168
5167
5166
5163
5147
5145
5136
5129
5126
5115
5096
5091
5086
5075
5074
5072
5061
5058
5051
5041
5036
5035
5032
4996
4995
4980
4978
4972
4970
4967
4960
4950
4940
4922
4920
4917
4891
4879
4875
4868
4864
4838
4836
4816
4815
4809
4799
4779
4775
4762
4757
4746
4709
4704
4690
4688
4685
4663
4662
4654
4652
4651
4647
4645
4640
4637
4634
4621
4620
4618
4608
4592
4589
4580
4576
4564
4563
4554
4548
4545
4521
4516
4510
4499
4497
4496
4490
4487
4476
4474
4472
4471
4469
4468
4465
4454
4448
4443
4434
4429
4423
4418
4408
4404
4402
4395
4384
4382
4374
4370
4358
4356
4337
4332
4327
4326
4325
4324
4323
4317
4316
4311
4305
4304
4298
4297
4291
4271
4266
4261
4252
4247
4232
4218
4217
4212
4206
4197
4191
4190
4189
4181
4174
4170
4162
4147
4140
4134
4107
4106
4105
4093
4088
4086
4078
4077
4074
4060
4057
4052
4046
4040
4036
4034
4033
4032
4030
4023
4018
4017
4000
