648
20000
11712
11679
11661
11294
11266
11123
11114
11084
11054
11037
10914
10702
10650
10649
10544
10537
10527
10470
10447
10441
10404
10360
10358
10343
10251
10237
10173
10159
10151
10046
10033
9997
9996
9952
9950
9928
9891
9872
9849
9826
9790
9777
9760
9737
9732
9710
9684
9673
9663
9621
9550
9549
9529
9526
9522
9520
9502
9456
9451
9438
9428
9418
9406
9395
9338
9311
9309
9296
9243
9240
9226
9210
9206
9190
9157
9150
9145
9143
9136
9134
9115
9059
9043
9017
9004
8982
8973
8960
8956
8953
8951
8940
8936
8896
8893
8886
8868
8855
8829
8771
8759
8756
8748
8731
8725
8693
8691
8686
8676
8645
8634
8625
8621
8593
8589
8568
8566
8557
8556
8532
8530
8519
8504
8502
8497
8492
8489
8488
8463
8427
8420
8419
8414
8407
8400
8382
8380
8363
8356
8346
8340
8338
8331
8328
8309
8305
8298
8295
8293
8292
8284
8268
8257
8249
8230
8224
8222
8220
8203
8186
8172
8162
8149
8136
8121
8118
8117
8102
8079
8078
8053
8042
8027
8016
7986
7978
7977
7960
7932
7931
7901
7877
7869
7863
7862
7850
7829
7814
7801
7798
7776
7762
7760
7758
7751
7722
7711
7701
7696
7682
7681
7680
7674
7628
7589
7588
7573
7567
7559
7553
7544
7531
7518
7473
7451
7447
7406
7401
7398
7388
7382
7381
7355
7332
7304
7284
7282
7248
7239
7233
7229
7228
7191
7176
7168
7160
7116
7114
7112
7102
7100
7092
7069
7056
7039
7007
6998
6993
6980
6975
6970
6956
6948
6925
6924
6907
6896
6891
6879
6877
6868
6867
6840
6832
6815
6810
6801
6786
6778
6777
6770
6758
6749
6744
6739
6738
6723
6699
6690
6687
6676
6670
6667
6656
6625
6624
6612
6601
6592
6556
6550
6548
6545
6541
6532
6509
6508
6499
6498
6496
6485
6484
6471
6461
6458
6446
6444
6432
6418
6414
6400
6398
6394
6389
6377
6350
6332
6328
6322
6318
6312
6308
6286
6282
6264
6263
6238
6233
6228
6222
6220
6212
6210
6202
6196
6189
6168
6167
6165
6160
6155
6154
6151
6150
6149
6148
6130
6120
6116
6109
6093
6091
6086
6077
6070
6067
6058
6057
6056
6053
6042
6033
6028
6026
6025
6022
6000
5998
5993
5986
5975
5966
5960
5955
5949
5948
5937
5925
5921
5920
5918
5908
5906
5905
5881
5868
5860
5840
5830
5825
5813
5796
5793
5784
5777
5770
5754
5746
5733
5731
5729
5722
5721
5707
5703
5699
5678
5675
5668
5666
5656
5639
5616
5602
5596
5589
5586
5584
5575
5569
5566
5547
5543
5542
5540
5534
5528
5517
5477
5475
5468
5463
5456
5452
5432
5427
5422
5416
5398
5396
5392
5391
5379
5375
5366
5363
5360
5357
5350
5346
5345
5340
5339
5338
5336
5330
5329
5319
5318
5312
5311
5297
5287
5286
5285
5283
5273
5271
5268
5263
5259
5244
5236
5212
5202
5201
5200
5196
5190
5181
5180
5179
5172
5167
5164
5156
5142
5135
5116
5104
5102
5098
5093
5092
5087
5076
5060
5053
5050
5048
5043
5042
5040
5038
5031
5027
5014
5008
5007
5003
4997
4995
4987
4964
4961
4958
4952
4946
4930
4925
4923
4916
4911
4903
4898
4894
4892
4879
4873
4864
4844
4831
4824
4823
4805
4799
4780
4776
4767
4766
4760
4757
4755
4751
4736
4731
4721
4718
4717
4709
4708
4694
4687
4676
4659
4655
4644
4637
4632
4626
4622
4609
4601
4594
4593
4583
4578
4567
4566
4564
4563
4558
4553
4543
4542
4538
4531
4519
4512
4511
4487
4478
4477
4475
4466
4431
4428
4417
4409
4406
4405
4404
4396
4366
4361
4338
4337
4331
4330
4325
4323
4322
4319
4315
4305
4303
4302
4297
4292
4290
4268
4261
4253
4241
4236
4224
4223
4222
4212
4191
4185
4165
4162
4156
4142
4140
4129
4127
4115
4092
4085
4084
4078
4077
4074
4073
4069
4048
4047
4046
4035
4019
4013
4011
4007
4006
4005
4000
