648
20000
11606
11526
11502
11499
11433
11422
11382
11290
11274
11259
11250
10980
10954
10951
10904
10845
10825
10818
10771
10715
10697
10640
10562
10485
10452
10442
10383
10303
10298
10229
10217
10199
10191
10141
10117
10106
10074
10040
10036
10022
10008
10007
9999
9960
9883
9872
9868
9855
9852
9849
9843
9839
9816
9802
9799
9789
9755
9729
9689
9669
9616
9615
9592
9583
9560
9546
9545
9538
9514
9494
9449
9443
9419
9406
9391
9386
9384
9376
9345
9330
9325
9296
9288
9275
9241
9240
9209
9205
9195
9181
9163
9133
9090
9072
9066
9029
9012
9005
8999
8997
8982
8911
8907
8899
8896
8895
8876
8861
8837
8810
8775
8773
8764
8733
8728
8686
8676
8670
8666
8657
8652
8642
8635
8634
8628
8624
8594
8564
8561
8547
8513
8496
8456
8413
8397
8394
8391
8390
8358
8340
8328
8308
8285
8264
8242
8229
8215
8183
8151
8150
8129
8127
8121
8109
8107
8086
8069
8064
8060
8057
7991
7978
7960
7956
7952
7943
7931
7930
7920
7917
7914
7892
7888
7885
7883
7874
7854
7848
7824
7820
7809
7798
7791
7777
7723
7719
7717
7709
7701
7700
7697
7683
7668
7659
7644
7614
7609
7577
7575
7568
7564
7562
7545
7540
7532
7502
7494
7492
7481
7430
7402
7399
7359
7355
7292
7285
7282
7276
7246
7239
7238
7231
7227
7224
7222
7210
7207
7205
7193
7187
7159
7158
7154
7143
7119
7103
7098
7095
7093
7088
7086
7079
7074
7066
7056
7049
7046
6993
6989
6983
6976
6955
6954
6946
6938
6937
6936
6915
6911
6887
6879
6872
6856
6838
6827
6825
6815
6806
6805
6804
6801
6797
6790
6787
6775
6772
6770
6769
6752
6721
6712
6690
6686
6684
6673
6672
6665
6646
6639
6633
6631
6623
6614
6595
6584
6573
6570
6561
6544
6543
6521
6518
6514
6483
6468
6461
6460
6448
6432
6421
6416
6408
6397
6394
6382
6379
6353
6334
6319
6296
6291
6289
6282
6279
6272
6270
6262
6259
6257
6248
6239
6229
6217
6211
6202
6201
6195
6186
6181
6161
6156
6149
6143
6140
6122
6119
6118
6080
6078
6073
6066
6056
6048
6045
6040
6029
6027
6020
6010
6000
5996
5991
5987
5979
5974
5973
5966
5964
5960
5951
5943
5939
5925
5913
5908
5896
5877
5875
5873
5858
5831
5823
5815
5808
5790
5776
5770
5756
5743
5728
5708
5690
5687
5685
5667
5664
5663
5651
5644
5636
5631
5630
5622
5618
5601
5589
5584
5583
5578
5577
5541
5537
5528
5527
5513
5509
5508
5501
5489
5488
5460
5454
5453
5445
5444
5434
5430
5419
5410
5408
5407
5396
5395
5391
5388
5384
5383
5365
5364
5359
5358
5348
5347
5346
5344
5331
5326
5321
5309
5306
5303
5293
5291
5289
5278
5266
5262
5256
5253
5246
5239
5238
5228
5227
5222
5218
5217
5199
5197
5195
5184
5179
5175
5169
5166
5165
5157
5156
5142
5139
5131
5128
5114
5113
5101
5097
5094
5089
5083
5073
5071
5046
5044
5042
5034
5026
5018
5015
5010
4989
4982
4978
4973
4964
4955
4953
4951
4944
4942
4940
4918
4917
4911
4906
4903
4898
4875
4860
4857
4848
4832
4818
4814
4812
4803
4768
4744
4727
4724
4715
4708
4704
4701
4692
4688
4687
4672
4664
4650
4647
4641
4635
4627
4625
4617
4615
4608
4606
4602
4596
4586
4583
4579
4577
4576
4570
4568
4567
4565
4564
4563
4559
4557
4553
4535
4533
4530
4529
4528
4523
4521
4504
4490
4489
4488
4485
4480
4474
4465
4463
4459
4440
4426
4425
4417
4411
4404
4397
4393
4388
4385
4382
4372
4371
4361
4349
4332
4328
4324
4318
4302
4286
4282
4260
4259
4245
4225
4219
4214
4212
4211
4206
4205
4198
4193
4192
4185
4184
4173
4169
4164
4161
4157
4150
4148
4143
4142
4139
4128
4120
4112
4105
4104
4097
4096
4092
4075
4074
4064
4058
4039
4036
4035
4020
4017
4014
4008
4001
