648
20000
11359
11274
11200
11157
11148
11113
11109
11095
10932
10898
10780
10757
10724
10672
10594
10586
10582
10530
10508
10399
10395
10354
10352
10329
10259
10251
10240
10213
10144
10127
10111
10028
10022
9998
9969
9934
9926
9903
9898
9895
9892
9887
9886
9858
9847
9833
9812
9733
9682
9672
9671
9658
9609
9592
9571
9563
9555
9551
9545
9534
9526
9505
9503
9485
9456
9446
9434
9288
9283
9265
9255
9249
9242
9217
9210
9189
9159
9124
9123
9092
9083
9068
9047
9041
9034
9030
9010
8996
8949
8944
8938
8932
8930
8916
8902
8892
8878
8848
8833
8827
8817
8798
8797
8795
8787
8771
8712
8700
8696
8667
8662
8654
8650
8647
8642
8616
8612
8608
8607
8606
8578
8561
8549
8533
8532
8491
8487
8458
8436
8370
8369
8362
8337
8329
8327
8294
8284
8271
8254
8250
8244
8234
8202
8191
8182
8176
8167
8164
8161
8150
8147
8145
8127
8105
8089
8084
8075
8073
8068
8060
8049
8037
8029
8027
7990
7977
7972
7952
7948
7923
7919
7886
7877
7837
7815
7806
7802
7785
7762
7727
7725
7723
7702
7693
7691
7679
7677
7662
7641
7640
7636
7612
7611
7600
7597
7592
7580
7561
7552
7547
7546
7535
7527
7510
7505
7495
7480
7477
7466
7461
7456
7441
7425
7417
7404
7388
7383
7382
7377
7375
7364
7344
7340
7339
7316
7300
7296
7277
7266
7216
7207
7189
7187
7178
7168
7167
7165
7163
7144
7136
7111
7104
7098
7074
7069
7061
7048
7047
7043
7035
7022
7019
7013
7012
7003
6993
6990
6989
6985
6979
6967
6966
6962
6948
6946
6938
6936
6932
6929
6923
6922
6914
6889
6886
6882
6857
6848
6816
6808
6807
6806
6800
6771
6758
6748
6728
6700
6683
6670
6666
6643
6639
6638
6623
6616
6614
6612
6597
6594
6585
6562
6547
6541
6512
6506
6502
6500
6483
6453
6447
6442
6437
6419
6412
6405
6395
6387
6375
6361
6336
6334
6322
6319
6315
6314
6312
6308
6293
6291
6289
6282
6279
6277
6275
6274
6252
6249
6246
6231
6229
6216
6204
6189
6186
6185
6181
6159
6156
6151
6134
6109
6102
6092
6087
6074
6072
6071
6055
6044
6040
6021
6013
6008
5990
5979
5976
5948
5942
5938
5930
5927
5919
5916
5911
5910
5909
5906
5899
5897
5879
5866
5862
5858
5853
5841
5811
5808
5791
5769
5768
5766
5745
5738
5737
5730
5728
5725
5724
5721
5715
5706
5704
5685
5683
5652
5651
5640
5626
5620
5617
5613
5604
5601
5597
5593
5588
5583
5571
5567
5563
5562
5552
5551
5546
5537
5531
5529
5527
5520
5511
5499
5495
5490
5489
5482
5480
5471
5468
5449
5442
5437
5434
5422
5417
5416
5410
5409
5405
5402
5393
5384
5378
5371
5342
5340
5327
5321
5319
5318
5313
5312
5311
5302
5262
5260
5244
5242
5241
5235
5231
5225
5224
5218
5215
5210
5209
5207
5203
5199
5195
5194
5187
5175
5172
5170
5163
5162
5157
5155
5148
5118
5115
5109
5108
5087
5077
5074
5067
5064
5062
5057
5047
5046
5039
5017
5008
4989
4982
4981
4978
4974
4958
4955
4950
4934
4931
4926
4925
4924
4921
4919
4915
4912
4910
4909
4899
4898
4883
4875
4871
4866
4854
4851
4840
4832
4829
4826
4823
4818
4796
4791
4781
4779
4771
4744
4733
4726
4722
4720
4716
4697
4691
4686
4652
4646
4636
4633
4632
4631
4630
4602
4591
4583
4579
4574
4566
4563
4546
4541
4531
4523
4518
4514
4506
4505
4503
4502
4492
4488
4472
4471
4462
4457
4451
4447
4443
4439
4438
4432
4428
4421
4415
4404
4403
4399
4384
4377
4371
4368
4366
4358
4330
4329
4319
4310
4295
4288
4280
4277
4272
4262
4259
4256
4254
4239
4235
4229
4223
4212
4209
4208
4199
4196
4190
4183
4171
4159
4156
4155
4142
4122
4117
4113
4100
4087
4086
4084
4081
4071
4062
4061
4054
4052
4040
4039
4034
4029
4017
