648
20000
11545
11247
11162
11078
11051
10935
10923
10909
10812
10724
10693
10595
10574
10563
10548
10527
10496
10487
10372
10355
10352
10334
10330
10313
10283
10278
10249
10239
10213
10203
10185
10168
10025
10022
10019
9988
9943
9936
9919
9916
9906
9838
9809
9784
9749
9743
9741
9740
9729
9694
9675
9656
9655
9621
9575
9563
9546
9545
9533
9527
9502
9496
9481
9480
9469
9465
9430
9411
9397
9393
9335
9326
9316
9314
9312
9305
9295
9291
9286
9280
9265
9263
9249
9230
9225
9203
9196
9159
9129
9119
9095
9078
9073
9061
9057
9049
9041
9024
9019
9018
9017
9002
8981
8967
8964
8958
8952
8949
8933
8913
8874
8863
8848
8843
8839
8827
8823
8798
8796
8795
8711
8671
8643
8625
8621
8612
8608
8594
8568
8561
8538
8531
8503
8500
8474
8469
8468
8455
8446
8428
8389
8388
8382
8379
8368
8349
8345
8340
8311
8280
8235
8229
8180
8153
8135
8129
8066
8064
8034
8021
8006
7999
7996
7993
7990
7987
7986
7975
7957
7955
7953
7951
7947
7944
7943
7923
7911
7906
7894
7883
7856
7843
7840
7832
7821
7818
7804
7795
7784
7775
7774
7743
7734
7732
7723
7696
7693
7688
7683
7650
7649
7644
7624
7602
7599
7569
7567
7534
7532
7509
7488
7474
7448
7436
7412
7409
7407
7395
7393
7387
7376
7373
7363
7362
7359
7357
7352
7327
7318
7303
7298
7290
7280
7274
7256
7227
7214
7191
7171
7162
7139
7123
7118
7092
7085
7063
7057
7050
7048
7009
6976
6964
6958
6957
6955
6940
6928
6916
6901
6881
6859
6850
6841
6838
6827
6811
6794
6781
6780
6779
6775
6766
6765
6751
6746
6743
6742
6737
6733
6729
6725
6708
6698
6696
6678
6671
6670
6666
6656
6644
6640
6636
6629
6621
6618
6617
6616
6605
6571
6569
6568
6549
6532
6520
6502
6497
6493
6487
6479
6477
6476
6458
6450
6446
6437
6433
6382
6373
6331
6325
6321
6320
6318
6308
6289
6283
6281
6265
6257
6256
6249
6246
6242
6240
6223
6222
6217
6212
6211
6199
6195
6176
6159
6157
6156
6152
6150
6144
6141
6138
6129
6128
6104
6088
6082
6077
6075
6056
6048
6047
6044
6039
5979
5977
5975
5974
5959
5946
5937
5935
5934
5917
5906
5900
5899
5892
5885
5878
5874
5869
5844
5838
5821
5798
5797
5791
5790
5786
5767
5764
5760
5753
5748
5740
5736
5733
5706
5696
5674
5670
5659
5658
5655
5640
5617
5612
5606
5605
5587
5584
5579
5577
5563
5552
5547
5527
5517
5515
5497
5494
5486
5479
5468
5466
5462
5447
5437
5436
5429
5419
5413
5409
5395
5377
5375
5373
5369
5366
5362
5351
5350
5343
5332
5331
5327
5301
5293
5291
5286
5276
5269
5265
5250
5245
5244
5237
5236
5230
5222
5217
5207
5204
5203
5201
5198
5189
5178
5174
5153
5151
5150
5145
5143
5134
5133
5125
5105
5104
5086
5085
5070
5064
5060
5047
5046
5039
5021
5019
5018
5013
5011
5009
5004
4998
4983
4979
4976
4960
4959
4955
4934
4932
4931
4929
4925
4924
4920
4919
4909
4898
4897
4882
4877
4874
4868
4867
4863
4859
4856
4855
4850
4838
4833
4831
4830
4828
4827
4819
4811
4809
4787
4783
4782
4771
4769
4734
4731
4727
4711
4710
4704
4698
4694
4690
4686
4684
4680
4663
4661
4659
4657
4655
4645
4636
4632
4627
4607
4601
4600
4595
4586
4577
4575
4557
4550
4547
4543
4540
4539
4533
4525
4522
4519
4516
4494
4483
4478
4475
4465
4463
4460
4455
4450
4449
4415
4414
4408
4401
4394
4391
4384
4371
4363
4361
4360
4352
4346
4345
4344
4342
4340
4332
4331
4327
4322
4321
4286
4278
4276
4265
4263
4261
4255
4237
4235
4231
4227
4226
4220
4218
4213
4209
4203
4194
4193
4174
4171
4151
4147
4139
4132
4119
4115
4109
4102
4083
4068
4067
4064
4060
4059
4055
4037
4030
4016
4014
4011
4010
