648
20000
11782
11692
11631
11305
11188
11170
11162
11067
11038
11027
11011
10936
10899
10809
10704
10653
10644
10596
10563
10554
10511
10504
10503
10385
10307
10300
10257
10253
10216
10215
10078
10011
9994
9974
9915
9911
9910
9857
9815
9798
9740
9738
9736
9725
9691
9690
9688
9683
9672
9664
9653
9607
9576
9543
9525
9500
9447
9420
9409
9388
9380
9360
9322
9320
9289
9288
9258
9242
9217
9214
9141
9139
9133
9114
9112
9106
9095
9088
9085
9080
9029
9006
8986
8982
8967
8940
8919
8915
8903
8891
8882
8869
8865
8855
8842
8837
8828
8825
8803
8762
8738
8737
8733
8713
8680
8669
8591
8586
8582
8581
8567
8562
8559
8557
8547
8542
8533
8532
8527
8525
8519
8508
8501
8492
8491
8473
8469
8459
8425
8405
8373
8371
8368
8354
8341
8336
8331
8274
8271
8260
8257
8255
8249
8244
8232
8228
8191
8166
8157
8135
8125
8123
8102
8100
8079
8077
8062
8060
8059
8045
8032
8031
8003
7983
7974
7968
7967
7925
7920
7904
7887
7883
7861
7853
7840
7837
7833
7806
7799
7763
7756
7753
7747
7740
7721
7689
7676
7675
7669
7650
7625
7611
7598
7591
7581
7570
7556
7544
7531
7526
7512
7505
7499
7498
7477
7469
7450
7445
7442
7439
7438
7428
7427
7418
7409
7407
7394
7384
7368
7350
7347
7315
7310
7284
7277
7269
7260
7255
7254
7252
7248
7235
7234
7227
7226
7205
7181
7176
7174
7169
7155
7147
7141
7140
7139
7138
7130
7125
7123
7121
7116
7097
7090
7079
7076
7051
7040
7037
7012
7007
7002
7000
6995
6979
6976
6969
6964
6957
6940
6920
6918
6897
6881
6880
6875
6870
6857
6840
6838
6836
6835
6820
6809
6800
6794
6788
6785
6780
6778
6777
6775
6772
6759
6756
6754
6748
6738
6737
6735
6734
6709
6691
6687
6679
6662
6654
6624
6619
6600
6598
6592
6591
6590
6572
6570
6559
6534
6532
6513
6512
6508
6505
6502
6471
6468
6460
6453
6450
6430
6426
6414
6400
6395
6388
6378
6373
6365
6345
6345
6344
6333
6319
6314
6312
6295
6290
6282
6266
6257
6252
6228
6227
6222
6207
6159
6158
6155
6153
6152
6144
6143
6139
6120
6108
6093
6085
6081
6077
6072
6070
6057
6053
6045
6042
6041
6022
6010
5992
5987
5957
5952
5946
5943
5941
5933
5916
5912
5871
5857
5847
5844
5836
5831
5825
5802
5794
5787
5784
5782
5772
5771
5765
5744
5736
5734
5702
5699
5684
5679
5674
5655
5651
5650
5647
5646
5637
5627
5623
5620
5616
5613
5604
5596
5576
5558
5552
5549
5528
5518
5514
5513
5505
5498
5493
5483
5468
5460
5451
5445
5431
5404
5401
5398
5395
5393
5388
5386
5385
5378
5364
5361
5351
5338
5330
5327
5312
5311
5310
5303
5287
5272
5267
5261
5250
5249
5246
5231
5228
5223
5215
5200
5197
5196
5188
5179
5168
5154
5145
5140
5123
5122
5118
5115
5082
5068
5062
5050
5041
5019
5011
5004
4992
4990
4985
4980
4976
4974
4972
4968
4957
4950
4947
4945
4936
4933
4927
4920
4919
4913
4887
4882
4871
4867
4864
4857
4849
4845
4841
4829
4817
4815
4810
4797
4772
4762
4759
4756
4753
4749
4744
4739
4735
4724
4722
4710
4703
4693
4688
4686
4685
4682
4664
4650
4649
4637
4636
4624
4623
4586
4579
4576
4567
4563
4562
4557
4546
4539
4526
4525
4518
4517
4514
4513
4512
4506
4505
4497
4485
4484
4481
4479
4478
4472
4471
4470
4455
4453
4440
4436
4435
4433
4432
4430
4419
4411
4406
4402
4400
4394
4371
4352
4351
4342
4331
4323
4309
4307
4299
4291
4286
4282
4273
4269
4268
4252
4240
4234
4228
4219
4211
4210
4209
4206
4204
4199
4198
4197
4194
4190
4185
4184
4177
4173
4158
4150
4140
4139
4134
4118
4117
4105
4101
4100
4097
4095
4086
4084
4061
4041
4040
4037
4027
4021
4020
4018
4015
4009
4002
