648
20000
11911
11845
11785
11749
11604
11419
11401
11371
11186
11177
10963
10951
10779
10770
10745
10714
10687
10606
10594
10582
10564
10468
10438
10307
10269
10265
10186
10173
10150
10125
10116
10080
10073
10019
9983
9970
9949
9928
9907
9798
9776
9765
9764
9759
9740
9672
9642
9598
9582
9580
9573
9563
9536
9529
9528
9507
9504
9486
9428
9414
9412
9406
9309
9256
9250
9239
9208
9199
9192
9187
9180
9175
9162
9149
9148
9134
9130
9121
9114
9105
9101
9100
9089
9067
9030
8995
8945
8944
8934
8927
8925
8904
8903
8891
8874
8872
8865
8830
8827
8824
8815
8805
8795
8792
8715
8705
8700
8689
8680
8676
8667
8660
8635
8630
8628
8625
8621
8587
8580
8560
8558
8545
8528
8521
8515
8509
8484
8455
8414
8396
8377
8374
8373
8362
8358
8349
8342
8317
8295
8284
8275
8263
8249
8248
8230
8185
8182
8175
8172
8160
8150
8144
8133
8126
8123
8104
8090
8088
8087
8081
8080
8070
8061
8042
8002
7971
7954
7941
7936
7925
7912
7893
7891
7890
7888
7858
7855
7833
7831
7814
7773
7760
7756
7754
7729
7717
7677
7670
7664
7653
7648
7637
7615
7614
7572
7558
7557
7552
7545
7541
7535
7534
7514
7503
7502
7500
7494
7489
7475
7468
7459
7444
7438
7435
7429
7410
7389
7380
7374
7365
7364
7358
7353
7351
7347
7313
7310
7281
7280
7274
7271
7264
7246
7245
7212
7184
7182
7180
7178
7167
7158
7152
7145
7138
7125
7121
7115
7113
7107
7105
7101
7094
7086
7083
7071
7041
7033
7029
7020
7012
7009
7008
7007
6993
6976
6975
6974
6968
6967
6963
6948
6944
6922
6919
6912
6884
6878
6859
6823
6807
6799
6796
6786
6760
6749
6737
6732
6731
6725
6712
6708
6698
6676
6675
6671
6669
6658
6645
6644
6630
6628
6625
6617
6604
6600
6587
6586
6551
6525
6522
6515
6507
6498
6496
6491
6484
6462
6460
6455
6452
6449
6420
6418
6414
6409
6400
6399
6398
6378
6371
6340
6328
6327
6306
6301
6292
6274
6242
6236
6233
6224
6216
6208
6206
6187
6180
6169
6168
6165
6164
6163
6132
6129
6118
6112
6111
6103
6094
6088
6084
6081
6073
6071
6067
6055
6049
6043
6036
6030
6020
6017
6016
6014
6004
5993
5990
5989
5985
5969
5958
5936
5919
5908
5894
5880
5875
5870
5867
5861
5856
5839
5831
5805
5785
5783
5781
5777
5772
5762
5755
5751
5744
5726
5722
5714
5711
5708
5703
5701
5689
5688
5686
5670
5665
5663
5661
5659
5658
5654
5653
5642
5636
5626
5617
5610
5607
5602
5596
5592
5591
5587
5585
5571
5568
5567
5553
5552
5544
5527
5521
5514
5512
5505
5489
5484
5483
5480
5450
5448
5440
5422
5420
5418
5394
5393
5385
5361
5358
5353
5351
5347
5338
5334
5321
5307
5302
5299
5293
5277
5264
5255
5234
5230
5229
5205
5201
5195
5181
5172
5171
5163
5158
5153
5146
5145
5128
5122
5113
5106
5102
5096
5090
5087
5083
5079
5071
5066
5065
5040
5039
5021
4995
4989
4975
4965
4934
4932
4928
4926
4867
4852
4845
4843
4832
4824
4810
4806
4795
4783
4778
4775
4764
4757
4755
4749
4748
4743
4737
4726
4716
4712
4700
4698
4692
4684
4674
4670
4663
4646
4644
4640
4630
4611
4610
4607
4603
4597
4576
4554
4550
4549
4548
4547
4543
4541
4539
4538
4523
4516
4501
4496
4483
4477
4459
4455
4440
4434
4433
4423
4420
4415
4409
4394
4387
4367
4366
4365
4353
4352
4348
4342
4340
4328
4309
4306
4303
4295
4292
4288
4287
4283
4277
4276
4273
4267
4266
4264
4256
4242
4239
4226
4213
4212
4209
4206
4203
4197
4187
4179
4176
4168
4164
4161
4150
4149
4144
4139
4133
4115
4109
4106
4101
4097
4093
4091
4088
4084
4074
4072
4061
4059
4058
4056
4055
4052
4050
4046
4044
4043
4042
4030
4028
4015
4009
4006
4005
4002
4000
