648
20000
11867
11564
11537
11457
11387
11370
11356
11338
11336
11268
11257
11214
11212
11178
11137
11101
11078
10858
10805
10736
10717
10706
10660
10622
10617
10514
10513
10437
10411
10401
10386
10340
10335
10275
10264
10246
10234
10189
10173
10156
10151
10126
10124
10089
10061
9922
9911
9907
9890
9876
9875
9852
9839
9830
9803
9763
9741
9735
9731
9677
9640
9634
9600
9589
9544
9509
9498
9492
9479
9475
9458
9452
9439
9430
9426
9415
9412
9361
9357
9355
9342
9335
9329
9309
9306
9288
9261
9225
9208
9170
9149
9118
9112
9057
9022
9020
8980
8965
8921
8916
8906
8896
8895
8887
8877
8874
8872
8849
8807
8800
8779
8776
8724
8722
8716
8702
8692
8671
8648
8600
8599
8581
8557
8544
8454
8443
8429
8419
8411
8402
8392
8354
8323
8313
8310
8283
8278
8274
8266
8240
8232
8213
8206
8204
8190
8178
8176
8172
8128
8114
8109
8101
8087
8081
8077
8069
8061
8058
8054
8047
8042
8021
8013
8007
8006
7992
7975
7936
7932
7908
7905
7903
7899
7893
7872
7864
7860
7848
7847
7824
7807
7741
7706
7696
7688
7679
7674
7669
7668
7664
7659
7644
7608
7604
7583
7581
7579
7570
7558
7550
7537
7519
7495
7490
7474
7472
7466
7458
7428
7405
7399
7389
7387
7382
7367
7360
7342
7340
7322
7291
7280
7276
7266
7265
7254
7247
7238
7236
7233
7228
7223
7222
7214
7191
7169
7165
7164
7162
7158
7153
7141
7134
7123
7121
7117
7107
7100
7082
7070
7067
7051
6998
6987
6977
6965
6951
6944
6943
6928
6927
6891
6886
6879
6877
6867
6855
6824
6815
6795
6793
6785
6781
6778
6774
6773
6766
6762
6756
6755
6741
6728
6727
6726
6715
6712
6711
6703
6685
6672
6670
6650
6649
6642
6629
6621
6620
6619
6611
6609
6599
6596
6593
6592
6590
6588
6584
6575
6559
6550
6537
6535
6498
6479
6473
6472
6469
6468
6455
6448
6445
6432
6424
6421
6418
6408
6407
6405
6397
6396
6379
6370
6367
6354
6345
6339
6337
6335
6330
6327
6314
6308
6304
6303
6294
6257
6256
6220
6215
6208
6195
6186
6170
6166
6151
6150
6143
6140
6134
6119
6106
6105
6103
6095
6094
6078
6067
6048
6041
6039
6035
6024
6017
5999
5996
5994
5992
5991
5973
5949
5940
5921
5862
5855
5853
5851
5821
5813
5807
5804
5802
5788
5777
5766
5760
5757
5747
5718
5704
5690
5686
5683
5681
5676
5660
5656
5646
5609
5605
5600
5597
5595
5583
5576
5544
5540
5519
5504
5495
5492
5485
5480
5474
5469
5466
5465
5433
5427
5422
5416
5405
5401
5398
5397
5390
5380
5379
5367
5362
5356
5356
5353
5351
5335
5332
5330
5329
5325
5320
5318
5317
5315
5311
5298
5290
5254
5253
5249
5236
5220
5218
5214
5211
5193
5183
5177
5176
5170
5167
5155
5129
5126
5125
5112
5103
5090
5081
5078
5067
5056
5043
5032
5022
5019
5007
5004
5001
5000
4998
4974
4973
4958
4948
4945
4928
4926
4919
4904
4875
4852
4845
4843
4831
4822
4816
4810
4807
4801
4797
4793
4783
4773
4768
4764
4733
4731
4710
4709
4707
4695
4688
4684
4675
4669
4668
4667
4656
4639
4638
4635
4634
4633
4630
4624
4622
4613
4610
4596
4592
4591
4586
4579
4576
4574
4571
4564
4562
4559
4558
4556
4553
4544
4540
4532
4527
4517
4511
4505
4491
4488
4487
4481
4460
4454
4452
4448
4443
4425
4417
4410
4404
4395
4387
4383
4382
4379
4358
4354
4347
4335
4333
4332
4322
4317
4314
4313
4311
4309
4306
4286
4274
4273
4269
4267
4259
4253
4245
4240
4232
4222
4215
4214
4209
4198
4195
4190
4188
4186
4177
4171
4168
4167
4163
4153
4151
4145
4143
4141
4138
4133
4122
4120
4118
4113
4110
4109
4106
4102
4101
4099
4097
4094
4086
4081
4066
4062
4057
4054
4043
4041
4038
4036
4035
4034
4030
4027
4009
4006
4003
