648
20000
11651
11649
11622
11621
11558
11473
11377
11210
11205
11178
11040
10955
10883
10718
10707
10651
10520
10499
10435
10427
10413
10406
10402
10387
10369
10365
10266
10239
10107
10051
10011
9793
9743
9741
9731
9701
9700
9690
9666
9615
9605
9601
9599
9572
9550
9519
9500
9469
9452
9449
9443
9441
9429
9424
9393
9387
9380
9359
9357
9351
9319
9316
9307
9300
9256
9244
9242
9225
9223
9211
9204
9203
9160
9153
9131
9121
9111
9103
9098
9046
9032
9022
8992
8990
8987
8977
8962
8961
8929
8909
8899
8875
8868
8864
8862
8819
8808
8806
8796
8780
8775
8762
8748
8730
8708
8699
8688
8680
8667
8652
8651
8618
8595
8583
8578
8520
8492
8488
8468
8464
8463
8449
8431
8426
8418
8411
8399
8341
8337
8335
8304
8290
8282
8269
8239
8234
8211
8209
8198
8169
8168
8166
8143
8120
8115
8107
8106
8089
8062
8056
8047
8043
8025
7992
7990
7975
7965
7954
7946
7945
7938
7936
7934
7927
7906
7896
7894
7884
7883
7824
7804
7800
7799
7775
7771
7768
7742
7741
7738
7726
7725
7705
7696
7693
7689
7688
7667
7641
7622
7619
7605
7596
7584
7568
7565
7556
7542
7532
7530
7525
7522
7519
7509
7484
7471
7452
7449
7444
7443
7441
7433
7430
7428
7421
7402
7389
7383
7379
7376
7357
7355
7345
7337
7331
7329
7327
7324
7320
7304
7286
7282
7280
7269
7235
7220
7218
7214
7208
7174
7157
7153
7152
7149
7135
7133
7130
7124
7108
7104
7097
7095
7091
7083
7057
7041
7038
7032
7026
7014
7005
6997
6993
6989
6979
6967
6966
6965
6927
6922
6918
6917
6909
6901
6893
6889
6887
6877
6872
6863
6854
6849
6841
6837
6823
6792
6788
6780
6778
6777
6773
6771
6757
6752
6749
6742
6731
6712
6704
6696
6686
6678
6676
6661
6654
6653
6651
6649
6646
6645
6642
6641
6630
6604
6600
6597
6568
6565
6563
6556
6555
6549
6543
6539
6536
6532
6526
6523
6518
6507
6490
6484
6482
6474
6451
6399
6377
6370
6354
6348
6339
6324
6289
6280
6266
6261
6256
6251
6245
6231
6230
6222
6218
6216
6212
6198
6191
6187
6174
6172
6141
6133
6131
6119
6112
6104
6093
6059
6051
6041
6030
6028
6026
6021
6003
5996
5991
5989
5983
5963
5962
5955
5948
5947
5920
5910
5908
5906
5905
5898
5896
5894
5893
5890
5882
5878
5876
5869
5859
5837
5834
5832
5808
5800
5799
5797
5775
5769
5767
5764
5754
5752
5741
5739
5722
5715
5707
5703
5701
5674
5645
5631
5630
5596
5591
5588
5584
5575
5568
5562
5555
5551
5544
5542
5534
5526
5512
5511
5486
5474
5472
5466
5460
5457
5455
5454
5443
5439
5438
5434
5411
5408
5404
5398
5396
5390
5382
5380
5367
5363
5347
5339
5335
5312
5296
5295
5270
5265
5259
5253
5235
5231
5229
5226
5217
5195
5187
5181
5165
5164
5145
5138
5124
5110
5098
5097
5087
5086
5075
5073
5070
5065
5060
5058
5056
5052
5050
5045
5014
4997
4993
4992
4990
4989
4988
4980
4969
4961
4955
4939
4938
4928
4927
4926
4915
4911
4907
4905
4895
4889
4877
4875
4872
4855
4838
4834
4829
4792
4790
4788
4785
4779
4768
4758
4740
4736
4733
4722
4721
4717
4686
4684
4683
4676
4655
4653
4652
4649
4637
4629
4623
4618
4610
4606
4590
4583
4575
4573
4571
4568
4567
4552
4544
4536
4532
4530
4521
4517
4516
4512
4505
4504
4500
4488
4469
4455
4451
4439
4425
4422
4380
4375
4369
4367
4359
4354
4348
4346
4342
4338
4337
4334
4330
4326
4322
4314
4307
4303
4288
4282
4281
4278
4277
4275
4273
4268
4260
4256
4237
4235
4231
4227
4223
4222
4215
4212
4205
4201
4198
4191
4177
4167
4158
4145
4143
4141
4128
4124
4121
4120
4114
4112
4105
4102
4098
4095
4093
4091
4089
4085
4082
4081
4056
4030
4028
4025
4022
4011
4006
