648
20000
11643
11475
11402
11384
11333
11120
11056
11029
10995
10958
10938
10911
10844
10761
10742
10653
10632
10590
10571
10541
10529
10503
10498
10485
10449
10433
10420
10380
10337
10326
10310
10299
10253
10248
10242
10172
10133
10112
10109
10024
10014
10005
9968
9959
9921
9878
9828
9809
9723
9691
9662
9651
9646
9603
9591
9588
9567
9529
9519
9498
9478
9477
9457
9449
9443
9349
9328
9308
9293
9291
9266
9246
9237
9221
9174
9169
9152
9146
9144
9140
9134
9128
9118
9114
9104
9091
9064
9052
9049
9044
9022
9020
9004
8991
8968
8961
8945
8931
8930
8918
8885
8827
8819
8817
8816
8803
8801
8797
8782
8779
8775
8773
8749
8748
8745
8742
8714
8712
8700
8698
8619
8610
8596
8592
8571
8569
8524
8522
8510
8474
8472
8435
8434
8415
8351
8280
8279
8255
8224
8215
8213
8211
8208
8204
8202
8190
8184
8153
8145
8113
8109
8091
8079
8066
8048
8039
8021
7991
7982
7966
7958
7953
7938
7922
7909
7891
7887
7856
7844
7836
7835
7833
7828
7824
7778
7766
7764
7754
7751
7749
7741
7735
7734
7725
7687
7676
7659
7642
7640
7639
7638
7610
7600
7586
7580
7532
7528
7526
7521
7510
7504
7472
7466
7465
7460
7442
7409
7398
7397
7394
7389
7362
7361
7360
7358
7357
7334
7328
7298
7275
7264
7263
7242
7226
7224
7204
7184
7173
7167
7161
7151
7137
7127
7121
7116
7115
7112
7101
7097
7093
7086
7076
7075
7051
7050
7046
7021
7018
7007
6986
6977
6951
6936
6931
6917
6916
6915
6914
6913
6908
6902
6899
6889
6883
6868
6865
6859
6852
6823
6816
6799
6797
6767
6754
6748
6735
6726
6692
6685
6674
6668
6662
6659
6648
6647
6644
6643
6622
6607
6595
6594
6592
6585
6577
6574
6573
6572
6558
6554
6546
6537
6529
6526
6510
6508
6501
6500
6499
6489
6487
6479
6477
6476
6474
6472
6469
6466
6462
6451
6442
6440
6438
6423
6418
6410
6402
6400
6383
6375
6361
6357
6354
6351
6348
6347
6342
6341
6340
6333
6310
6302
6299
6297
6261
6257
6242
6237
6224
6216
6207
6205
6190
6185
6179
6164
6160
6158
6153
6140
6139
6135
6126
6110
6092
6089
6075
6074
6071
6067
6065
6063
6055
6052
6050
6033
6008
6004
6001
6000
5993
5976
5975
5928
5926
5921
5920
5910
5901
5893
5879
5846
5817
5812
5809
5806
5788
5777
5776
5775
5767
5750
5736
5733
5707
5689
5679
5662
5658
5653
5648
5639
5635
5628
5626
5592
5590
5564
5560
5550
5547
5544
5537
5526
5516
5514
5501
5498
5493
5491
5489
5478
5450
5446
5445
5432
5418
5412
5406
5405
5400
5390
5388
5387
5384
5383
5370
5354
5319
5311
5306
5298
5297
5292
5286
5283
5282
5280
5276
5269
5256
5248
5240
5232
5227
5221
5219
5218
5213
5212
5203
5201
5199
5188
5179
5177
5175
5170
5169
5168
5148
5146
5140
5136
5135
5133
5131
5130
5129
5128
5106
5100
5098
5095
5075
5061
5058
5051
5048
5045
5015
4995
4976
4972
4966
4964
4959
4955
4954
4930
4929
4918
4911
4905
4899
4869
4862
4856
4854
4845
4842
4824
4818
4809
4804
4797
4792
4780
4778
4771
4770
4769
4763
4762
4754
4741
4735
4734
4730
4725
4706
4705
4697
4691
4681
4678
4675
4669
4653
4651
4635
4632
4630
4620
4619
4614
4608
4606
4592
4591
4590
4588
4586
4569
4568
4557
4546
4542
4526
4525
4522
4517
4516
4513
4465
4459
4456
4454
4441
4440
4431
4428
4421
4418
4417
4414
4404
4388
4380
4377
4376
4363
4361
4359
4353
4346
4341
4338
4334
4323
4321
4276
4274
4273
4271
4267
4266
4265
4264
4248
4243
4240
4235
4221
4218
4217
4216
4214
4211
4209
4203
4189
4180
4172
4171
4166
4164
4129
4128
4126
4124
4123
4121
4118
4117
4092
4083
4074
4070
4065
4053
4052
4039
4034
4025
4022
4016
4010
4002
