648
20000
11826
11762
11754
11576
11550
11523
11506
11460
11441
11424
11365
11173
11113
11084
11061
10843
10826
10782
10771
10662
10567
10562
10542
10539
10536
10474
10459
10450
10423
10348
10332
10277
10264
10240
10231
10220
10217
10211
10195
10186
10131
10105
10020
9977
9974
9942
9941
9908
9897
9886
9858
9855
9846
9831
9823
9821
9777
9753
9722
9712
9579
9563
9562
9539
9531
9527
9522
9500
9493
9491
9470
9395
9369
9359
9356
9352
9336
9298
9281
9224
9219
9162
9158
9155
9147
9145
9144
9121
9089
9063
9052
9051
9030
9022
8966
8952
8951
8925
8911
8893
8856
8853
8843
8830
8824
8815
8774
8760
8758
8699
8686
8669
8620
8610
8596
8571
8565
8563
8560
8532
8516
8511
8491
8478
8477
8475
8471
8452
8440
8406
8390
8387
8386
8365
8354
8351
8304
8295
8282
8276
8274
8272
8261
8260
8247
8236
8221
8220
8207
8198
8197
8193
8176
8164
8153
8138
8131
8123
8122
8093
8092
8083
8073
8064
8040
8028
8027
8025
8006
7968
7962
7956
7955
7950
7947
7943
7929
7925
7906
7899
7863
7845
7820
7798
7779
7764
7763
7760
7737
7727
7709
7708
7673
7668
7667
7632
7628
7609
7604
7597
7595
7593
7576
7554
7547
7546
7531
7522
7448
7437
7421
7390
7383
7342
7340
7336
7332
7326
7314
7301
7289
7287
7280
7275
7270
7262
7255
7244
7224
7221
7219
7215
7214
7213
7210
7191
7190
7188
7183
7180
7168
7158
7155
7154
7095
7094
7089
7075
7042
7031
7006
7000
6979
6959
6952
6939
6925
6921
6920
6915
6912
6897
6892
6888
6877
6862
6859
6856
6829
6815
6800
6790
6788
6754
6753
6751
6745
6734
6729
6726
6705
6699
6691
6685
6684
6666
6660
6657
6621
6611
6592
6577
6560
6548
6546
6537
6526
6493
6480
6479
6471
6456
6449
6448
6446
6443
6432
6427
6413
6403
6395
6377
6359
6342
6324
6319
6296
6281
6272
6266
6251
6246
6243
6239
6223
6205
6190
6188
6183
6181
6178
6172
6166
6152
6149
6129
6127
6120
6112
6111
6107
6098
6090
6088
6083
6082
6076
6074
6062
6049
6047
6044
6030
6028
6027
6006
6004
6003
5995
5986
5984
5979
5976
5958
5929
5920
5916
5914
5913
5898
5896
5889
5885
5880
5879
5877
5874
5864
5839
5837
5826
5825
5823
5805
5804
5799
5798
5791
5786
5779
5777
5769
5749
5737
5725
5723
5721
5715
5698
5688
5677
5668
5655
5647
5637
5628
5625
5622
5620
5619
5612
5594
5588
5586
5579
5548
5539
5538
5529
5527
5518
5511
5479
5466
5462
5460
5449
5436
5435
5429
5422
5421
5392
5385
5380
5379
5378
5376
5369
5361
5353
5341
5322
5312
5311
5283
5269
5263
5256
5255
5251
5248
5247
5231
5227
5224
5213
5201
5199
5194
5193
5178
5174
5172
5168
5158
5157
5154
5151
5147
5142
5141
5136
5135
5130
5084
5058
5052
5040
5032
5020
5016
5006
5005
5003
5002
4999
4994
4992
4991
4988
4987
4986
4985
4984
4983
4981
4977
4974
4973
4972
4971
4969
4965
4957
4936
4923
4920
4917
4916
4910
4907
4905
4903
4899
4898
4894
4890
4884
4873
4838
4832
4829
4811
4810
4809
4806
4792
4788
4781
4772
4770
4763
4760
4758
4756
4752
4746
4742
4731
4706
4705
4698
4696
4693
4689
4669
4668
4666
4665
4659
4645
4641
4640
4625
4615
4600
4597
4596
4592
4587
4580
4579
4559
4554
4548
4545
4533
4520
4519
4511
4493
4483
4479
4473
4469
4466
4455
4449
4446
4441
4428
4390
4383
4377
4374
4372
4371
4351
4333
4326
4323
4322
4318
4316
4313
4278
4274
4273
4271
4269
4266
4265
4258
4256
4255
4247
4246
4243
4240
4229
4222
4221
4218
4208
4195
4192
4190
4187
4186
4178
4175
4170
4168
4166
4149
4142
4130
4123
4122
4108
4091
4087
4080
4076
4073
4070
4066
4064
4052
4048
4047
4040
4037
4031
4029
4014
4009
