648
20000
11780
11725
11655
11339
11308
11265
11163
11147
11138
11044
10913
10912
10876
10777
10765
10712
10693
10661
10653
10531
10466
10437
10399
10384
10318
10275
10250
10227
10170
10144
10131
10105
10099
10089
10059
10001
9991
9989
9941
9838
9822
9807
9803
9771
9756
9743
9704
9696
9684
9655
9649
9642
9604
9599
9593
9584
9558
9557
9540
9531
9506
9496
9469
9456
9455
9445
9443
9436
9395
9364
9355
9347
9318
9240
9223
9219
9186
9179
9176
9172
9165
9141
9132
9091
9080
9063
9036
9027
9016
9013
8993
8990
8970
8960
8935
8907
8900
8894
8855
8823
8822
8814
8807
8796
8795
8779
8758
8747
8729
8701
8696
8677
8656
8646
8582
8568
8562
8560
8550
8534
8512
8510
8497
8495
8475
8462
8455
8448
8434
8414
8381
8377
8365
8345
8333
8326
8262
8255
8237
8225
8215
8187
8166
8155
8152
8132
8131
8128
8108
8105
8104
8099
8088
8083
8074
8070
8066
8063
8049
8037
8036
7994
7953
7948
7941
7903
7891
7889
7880
7869
7855
7847
7829
7825
7799
7780
7773
7762
7754
7723
7701
7694
7676
7670
7669
7668
7663
7655
7647
7637
7603
7602
7600
7592
7586
7577
7564
7561
7560
7558
7557
7527
7523
7516
7448
7441
7440
7437
7436
7430
7424
7422
7408
7402
7387
7371
7356
7355
7334
7329
7280
7277
7269
7268
7262
7259
7254
7249
7246
7244
7240
7234
7231
7220
7216
7213
7193
7189
7187
7171
7160
7149
7145
7108
7102
7092
7089
7065
7056
7043
7042
7033
7021
7019
7005
7004
6988
6987
6986
6980
6969
6966
6961
6951
6947
6931
6923
6914
6907
6906
6863
6841
6830
6816
6779
6773
6772
6766
6754
6733
6732
6729
6727
6708
6707
6705
6703
6698
6697
6649
6631
6620
6611
6601
6597
6580
6573
6567
6558
6555
6541
6533
6516
6497
6490
6483
6470
6464
6460
6457
6450
6448
6438
6414
6407
6405
6399
6395
6394
6392
6386
6384
6378
6375
6374
6362
6360
6359
6358
6347
6320
6300
6291
6289
6275
6256
6242
6221
6214
6209
6190
6188
6183
6181
6179
6171
6166
6165
6156
6152
6145
6142
6133
6127
6126
6106
6102
6101
6099
6093
6079
6054
6049
6044
6038
6031
6024
6018
6016
6014
6012
6010
6007
5992
5973
5971
5970
5969
5959
5954
5926
5924
5910
5909
5905
5875
5874
5870
5858
5852
5851
5837
5836
5835
5819
5818
5802
5800
5777
5772
5765
5745
5741
5708
5701
5692
5680
5660
5639
5637
5634
5624
5613
5608
5604
5602
5590
5569
5566
5561
5557
5552
5543
5518
5517
5506
5492
5474
5463
5451
5449
5446
5440
5435
5417
5415
5409
5408
5402
5399
5385
5384
5378
5375
5372
5363
5361
5356
5351
5348
5345
5343
5333
5317
5310
5308
5305
5303
5299
5297
5295
5281
5280
5278
5275
5271
5269
5257
5246
5233
5230
5226
5214
5203
5198
5195
5193
5190
5185
5175
5166
5163
5148
5145
5143
5142
5140
5132
5117
5108
5104
5101
5096
5089
5083
5076
5075
5067
5055
5054
5051
5036
5032
5013
5003
4997
4969
4967
4966
4963
4947
4940
4933
4926
4922
4915
4895
4873
4865
4862
4854
4847
4846
4835
4834
4825
4818
4814
4811
4810
4809
4804
4799
4798
4797
4790
4782
4781
4757
4755
4753
4747
4729
4720
4704
4690
4679
4665
4655
4653
4651
4644
4642
4625
4623
4619
4615
4611
4610
4605
4602
4600
4595
4592
4582
4565
4564
4548
4534
4527
4521
4519
4514
4512
4510
4487
4461
4450
4448
4446
4443
4429
4425
4424
4421
4414
4399
4394
4380
4375
4374
4365
4362
4356
4344
4333
4315
4305
4304
4293
4287
4277
4270
4269
4262
4251
4241
4234
4232
4226
4223
4208
4206
4205
4203
4202
4197
4193
4186
4185
4171
4168
4158
4153
4151
4148
4144
4139
4133
4132
4130
4127
4124
4118
4108
4103
4095
4092
4081
4069
4056
4055
4054
4044
4030
4028
4018
4005
