648
20000
11712
11140
11120
10998
10960
10942
10896
10861
10859
10848
10828
10818
10771
10765
10714
10707
10696
10625
10575
10527
10526
10455
10301
10290
10251
10250
10225
10223
10184
10183
10121
10008
9894
9892
9867
9864
9854
9804
9749
9748
9731
9692
9687
9654
9652
9625
9574
9558
9543
9530
9511
9393
9313
9302
9296
9289
9288
9270
9263
9228
9225
9214
9202
9161
9129
9093
9060
9037
8973
8948
8938
8917
8916
8902
8901
8886
8859
8853
8844
8838
8833
8830
8825
8809
8804
8798
8795
8792
8663
8647
8632
8617
8611
8601
8568
8556
8550
8548
8546
8484
8472
8469
8468
8456
8453
8451
8438
8420
8418
8407
8397
8371
8356
8340
8322
8321
8315
8285
8278
8270
8263
8241
8231
8225
8216
8215
8207
8200
8191
8185
8183
8158
8153
8142
8109
8087
8068
8059
8051
8023
8006
8003
8002
7993
7983
7979
7954
7953
7946
7942
7923
7918
7907
7905
7904
7872
7863
7850
7846
7845
7843
7839
7834
7831
7826
7822
7818
7813
7788
7787
7779
7774
7767
7763
7756
7752
7748
7723
7715
7706
7704
7703
7688
7674
7654
7652
7637
7615
7614
7602
7597
7596
7592
7588
7581
7569
7567
7563
7561
7558
7557
7552
7532
7531
7528
7519
7483
7478
7462
7457
7437
7435
7421
7411
7379
7358
7355
7352
7340
7325
7306
7301
7299
7293
7292
7288
7261
7234
7211
7202
7200
7187
7173
7164
7163
7158
7155
7151
7145
7142
7117
7116
7104
7095
7093
7091
7088
7087
7084
7080
7070
7065
7057
7053
7046
7045
7032
7029
7023
7009
7005
6991
6984
6964
6958
6957
6956
6946
6938
6933
6921
6912
6911
6878
6866
6864
6857
6848
6847
6837
6836
6827
6822
6813
6788
6766
6760
6746
6742
6740
6725
6722
6719
6706
6683
6682
6679
6675
6668
6666
6663
6643
6632
6627
6626
6605
6599
6589
6537
6531
6527
6526
6519
6500
6498
6488
6480
6476
6474
6473
6471
6470
6464
6456
6455
6449
6444
6439
6438
6432
6414
6406
6404
6386
6366
6351
6347
6336
6317
6309
6304
6300
6291
6282
6281
6271
6270
6260
6255
6242
6241
6233
6229
6226
6218
6212
6205
6204
6189
6188
6180
6176
6159
6141
6138
6132
6121
6107
6104
6102
6100
6094
6093
6078
6070
6058
6057
6031
6029
6026
6023
6006
6001
5996
5978
5975
5968
5965
5960
5959
5950
5949
5931
5916
5910
5898
5895
5889
5864
5849
5840
5836
5830
5829
5819
5810
5805
5803
5798
5785
5769
5763
5761
5751
5744
5740
5733
5732
5729
5722
5711
5706
5678
5671
5660
5655
5652
5650
5645
5640
5618
5615
5613
5607
5597
5593
5580
5577
5576
5551
5542
5540
5522
5515
5505
5504
5501
5500
5487
5485
5479
5469
5457
5454
5453
5452
5440
5432
5428
5427
5405
5394
5389
5388
5380
5371
5370
5368
5359
5346
5344
5340
5322
5320
5314
5313
5310
5305
5302
5301
5295
5284
5268
5266
5263
5256
5253
5249
5247
5243
5235
5227
5224
5218
5212
5210
5190
5181
5170
5149
5148
5143
5137
5127
5120
5113
5109
5106
5088
5086
5081
5078
5077
5076
5070
5067
5060
5059
5057
5040
5027
5025
5005
4994
4982
4978
4964
4945
4941
4934
4919
4917
4903
4875
4874
4870
4868
4864
4854
4851
4841
4837
4830
4826
4819
4790
4784
4768
4764
4758
4745
4735
4724
4723
4721
4720
4716
4698
4697
4693
4670
4668
4667
4657
4648
4631
4629
4608
4602
4594
4586
4572
4571
4557
4556
4554
4546
4537
4533
4532
4521
4502
4486
4482
4478
4475
4460
4450
4449
4446
4440
4439
4436
4432
4430
4424
4421
4418
4414
4409
4406
4389
4386
4379
4369
4363
4359
4340
4335
4323
4320
4319
4307
4304
4294
4284
4283
4276
4272
4269
4252
4238
4227
4218
4200
4197
4196
4179
4176
4163
4159
4147
4142
4134
4125
4118
4112
4111
4099
4083
4061
4033
4027
4012
4011
4008
4007
4003
