648
20000
11527
11451
11376
11305
11175
11174
11060
11038
11015
10921
10784
10624
10482
10461
10368
10348
10338
10334
10319
10309
10157
10135
10127
10045
10038
10002
10001
9971
9956
9900
9887
9883
9882
9828
9784
9619
9593
9589
9529
9526
9519
9514
9509
9506
9500
9499
9484
9469
9417
9394
9368
9363
9350
9328
9303
9280
9264
9194
9193
9192
9143
9140
9135
9121
9093
9030
9015
9009
8994
8964
8941
8936
8913
8893
8885
8840
8817
8813
8790
8768
8763
8756
8726
8716
8699
8679
8657
8654
8632
8617
8605
8581
8568
8567
8564
8558
8545
8540
8539
8520
8490
8486
8477
8470
8453
8447
8428
8418
8379
8375
8374
8361
8354
8351
8344
8331
8293
8283
8275
8274
8268
8232
8227
8199
8190
8189
8188
8174
8151
8142
8126
8112
8105
8083
8066
8065
8061
8058
8052
8051
8031
8005
7999
7994
7988
7984
7974
7972
7952
7948
7946
7936
7930
7915
7913
7909
7908
7888
7852
7841
7839
7833
7827
7820
7818
7814
7807
7804
7801
7777
7727
7703
7686
7675
7670
7669
7658
7657
7654
7649
7645
7626
7618
7614
7607
7592
7591
7586
7563
7557
7556
7550
7547
7546
7536
7531
7530
7521
7511
7492
7482
7479
7476
7474
7460
7457
7456
7455
7454
7445
7439
7437
7426
7413
7393
7382
7373
7370
7362
7359
7353
7344
7343
7335
7331
7325
7311
7274
7257
7255
7251
7248
7237
7225
7219
7216
7214
7208
7206
7205
7181
7176
7168
7150
7148
7133
7125
7122
7113
7109
7096
7089
7084
7083
7075
7067
7056
7050
7049
7040
7014
7012
7011
7005
6990
6976
6958
6957
6952
6929
6928
6926
6919
6914
6912
6908
6906
6901
6895
6887
6883
6879
6875
6862
6832
6828
6821
6815
6812
6810
6807
6804
6799
6775
6769
6763
6759
6744
6733
6725
6713
6693
6690
6689
6673
6646
6632
6595
6589
6577
6563
6560
6554
6552
6546
6524
6515
6507
6494
6482
6481
6478
6474
6468
6465
6457
6456
6454
6453
6450
6441
6420
6414
6406
6392
6387
6364
6363
6361
6356
6354
6332
6328
6313
6303
6291
6289
6282
6279
6277
6272
6271
6267
6261
6255
6249
6248
6242
6240
6238
6234
6212
6203
6200
6198
6177
6170
6165
6160
6150
6147
6144
6139
6133
6123
6118
6104
6101
6097
6096
6073
6072
6060
6056
6052
6048
6042
6038
6032
6022
6012
6003
5995
5984
5982
5981
5974
5966
5965
5963
5962
5933
5926
5912
5910
5904
5897
5893
5887
5880
5875
5858
5847
5833
5829
5823
5819
5813
5812
5809
5803
5789
5788
5781
5780
5779
5770
5768
5752
5749
5746
5734
5716
5706
5704
5701
5699
5694
5680
5679
5676
5658
5650
5649
5632
5627
5622
5614
5606
5600
5597
5576
5548
5545
5542
5541
5536
5534
5529
5525
5523
5521
5520
5485
5466
5464
5458
5454
5423
5404
5403
5385
5380
5378
5373
5365
5359
5351
5298
5286
5273
5271
5269
5267
5252
5237
5234
5222
5200
5198
5197
5191
5183
5169
5166
5143
5133
5117
5108
5098
5076
5056
5046
5031
5029
5025
5020
4987
4979
4974
4972
4971
4968
4964
4963
4949
4943
4942
4939
4935
4931
4926
4923
4917
4904
4902
4900
4891
4889
4883
4882
4846
4838
4836
4816
4808
4803
4800
4799
4789
4785
4769
4768
4767
4766
4764
4761
4752
4749
4748
4746
4743
4730
4728
4710
4704
4703
4686
4684
4682
4669
4662
4657
4654
4643
4636
4631
4626
4623
4620
4619
4609
4607
4594
4586
4563
4554
4546
4533
4525
4522
4515
4514
4512
4505
4502
4500
4482
4481
4464
4462
4460
4442
4419
4418
4392
4390
4375
4371
4362
4359
4355
4350
4348
4344
4328
4325
4320
4314
4313
4311
4307
4300
4286
4276
4268
4262
4253
4252
4219
4217
4213
4206
4193
4189
4186
4185
4182
4176
4173
4167
4149
4148
4127
4125
4117
4116
4115
4081
4076
4069
4062
4047
4045
4044
4031
4029
4028
