648
20000
11955
11803
11560
11333
11227
11192
11117
11043
11012
11005
11002
10991
10970
10904
10893
10838
10692
10680
10602
10592
10591
10568
10565
10555
10402
10386
10367
10359
10347
10279
10264
10259
10137
10105
10046
10007
9997
9900
9877
9861
9838
9805
9770
9767
9750
9749
9708
9697
9682
9649
9643
9630
9620
9588
9562
9555
9532
9433
9403
9376
9347
9322
9316
9307
9277
9238
9213
9169
9158
9125
9124
9090
9089
9085
9081
9069
9068
9061
9031
9004
8997
8967
8956
8950
8943
8935
8929
8923
8921
8902
8864
8861
8852
8831
8824
8817
8807
8790
8788
8762
8760
8756
8754
8746
8732
8726
8720
8698
8686
8674
8644
8631
8626
8620
8581
8573
8537
8522
8483
8471
8455
8448
8446
8432
8426
8421
8419
8410
8404
8380
8365
8354
8314
8308
8303
8287
8258
8252
8250
8249
8233
8220
8208
8201
8199
8163
8157
8141
8137
8129
8128
8113
8103
8096
8090
8078
8069
8061
8007
7970
7962
7951
7950
7946
7921
7916
7878
7842
7831
7827
7818
7815
7805
7800
7799
7798
7790
7783
7773
7771
7764
7763
7719
7699
7658
7657
7649
7622
7615
7601
7564
7558
7556
7550
7548
7541
7537
7526
7521
7516
7503
7500
7495
7486
7474
7465
7461
7450
7443
7436
7423
7410
7392
7375
7364
7353
7342
7336
7332
7326
7317
7308
7305
7291
7289
7282
7255
7252
7246
7240
7239
7238
7224
7221
7211
7174
7147
7144
7140
7125
7124
7123
7106
7094
7085
7079
7046
7040
7039
7032
7009
7002
6963
6960
6957
6955
6954
6948
6944
6934
6921
6919
6917
6900
6885
6880
6874
6861
6860
6856
6852
6843
6842
6833
6832
6831
6822
6816
6812
6806
6797
6795
6792
6789
6781
6775
6755
6754
6752
6731
6729
6723
6715
6703
6700
6682
6674
6671
6642
6641
6635
6611
6608
6605
6603
6583
6578
6577
6575
6574
6570
6569
6568
6546
6540
6530
6521
6487
6470
6468
6443
6434
6425
6419
6406
6403
6396
6392
6380
6363
6358
6353
6351
6328
6319
6306
6300
6299
6280
6274
6270
6269
6260
6257
6240
6224
6223
6221
6207
6194
6192
6185
6170
6160
6153
6146
6142
6141
6139
6134
6114
6080
6035
6031
5998
5992
5964
5959
5957
5953
5950
5948
5933
5931
5923
5914
5909
5906
5898
5893
5887
5860
5855
5848
5845
5841
5836
5821
5811
5804
5802
5796
5791
5784
5783
5773
5770
5767
5766
5762
5759
5746
5737
5732
5718
5716
5710
5708
5693
5690
5689
5675
5674
5665
5647
5646
5625
5621
5619
5596
5587
5567
5560
5549
5545
5533
5504
5502
5500
5490
5480
5463
5457
5456
5446
5443
5431
5429
5424
5423
5422
5421
5410
5406
5395
5394
5388
5383
5369
5366
5364
5352
5350
5347
5332
5327
5305
5303
5299
5289
5286
5281
5279
5275
5273
5271
5268
5253
5252
5244
5226
5221
5217
5210
5201
5190
5189
5187
5181
5175
5172
5170
5145
5133
5125
5124
5122
5116
5112
5110
5098
5095
5094
5093
5080
5069
5051
5039
5029
5027
5025
5021
5020
5007
4991
4986
4982
4980
4972
4962
4958
4949
4940
4933
4932
4930
4924
4910
4906
4900
4895
4886
4880
4878
4875
4868
4847
4840
4835
4830
4822
4811
4807
4806
4799
4794
4785
4781
4778
4758
4753
4748
4747
4744
4738
4732
4723
4717
4708
4701
4697
4677
4674
4656
4648
4646
4644
4641
4637
4633
4629
4622
4619
4604
4601
4598
4581
4571
4564
4559
4558
4551
4547
4544
4539
4537
4523
4513
4490
4489
4458
4457
4449
4448
4441
4412
4408
4390
4386
4376
4368
4367
4365
4359
4350
4335
4334
4333
4327
4319
4317
4316
4313
4305
4302
4300
4292
4285
4270
4264
4251
4249
4240
4223
4217
4215
4207
4189
4184
4176
4171
4168
4163
4158
4154
4149
4139
4130
4122
4105
4090
4089
4087
4066
4060
4055
4054
4051
4049
4048
4040
4034
4032
4023
4021
4018
4016
4013
