648
20000
11911
11666
11622
11614
11530
11476
11410
11301
11280
11240
11197
11160
11158
11126
11088
11051
10993
10977
10908
10894
10863
10829
10828
10784
10747
10729
10598
10572
10527
10525
10508
10477
10337
10323
10299
10287
10226
10139
10089
10057
10052
10020
10007
9995
9994
9931
9925
9915
9913
9866
9837
9805
9733
9676
9665
9641
9621
9617
9604
9590
9584
9552
9539
9534
9533
9515
9499
9463
9446
9373
9304
9254
9228
9220
9202
9182
9166
9132
9088
9051
9020
9015
9008
9004
8950
8912
8909
8905
8834
8814
8740
8731
8729
8725
8719
8706
8694
8689
8674
8662
8641
8603
8594
8591
8567
8565
8538
8528
8521
8514
8505
8502
8489
8470
8455
8450
8419
8413
8400
8389
8352
8296
8289
8283
8258
8254
8250
8248
8244
8236
8234
8232
8202
8161
8155
8146
8130
8083
8081
8055
8015
8014
7992
7990
7988
7977
7968
7953
7923
7919
7906
7898
7891
7890
7886
7881
7878
7856
7849
7848
7844
7842
7838
7822
7821
7810
7809
7794
7783
7776
7767
7763
7743
7741
7735
7714
7701
7689
7682
7681
7674
7649
7641
7609
7606
7596
7582
7576
7570
7554
7536
7535
7534
7533
7529
7527
7517
7513
7500
7496
7490
7477
7476
7474
7473
7462
7450
7441
7438
7435
7434
7432
7426
7424
7422
7418
7407
7402
7397
7391
7385
7373
7359
7358
7357
7347
7319
7307
7306
7282
7269
7256
7252
7232
7230
7218
7217
7193
7179
7165
7162
7150
7137
7129
7124
7120
7116
7103
7100
7097
7088
7084
7064
7052
7046
7044
7042
7033
6978
6967
6943
6938
6928
6927
6916
6893
6892
6868
6857
6846
6840
6827
6821
6819
6818
6816
6809
6808
6798
6793
6784
6763
6761
6751
6750
6748
6739
6730
6714
6705
6692
6674
6669
6638
6634
6625
6621
6618
6617
6600
6594
6591
6588
6569
6565
6558
6555
6549
6525
6508
6502
6499
6479
6478
6476
6474
6423
6416
6415
6404
6399
6398
6394
6392
6363
6342
6324
6323
6316
6310
6309
6302
6301
6292
6274
6272
6270
6264
6251
6248
6242
6230
6224
6220
6217
6216
6212
6206
6198
6191
6188
6184
6174
6166
6165
6152
6133
6130
6128
6114
6113
6101
6100
6094
6091
6089
6079
6076
6071
6069
6044
6017
6016
6014
6004
5993
5985
5981
5968
5958
5934
5932
5919
5895
5889
5883
5875
5872
5868
5865
5861
5857
5853
5837
5832
5822
5815
5798
5796
5785
5783
5782
5777
5774
5756
5749
5748
5745
5742
5734
5720
5714
5711
5710
5708
5676
5660
5659
5658
5657
5655
5645
5621
5618
5615
5612
5610
5603
5587
5581
5579
5568
5540
5534
5522
5518
5514
5501
5487
5486
5483
5482
5440
5436
5432
5413
5410
5394
5385
5379
5374
5373
5367
5361
5359
5358
5351
5338
5337
5320
5309
5308
5295
5288
5267
5256
5250
5241
5240
5212
5202
5189
5187
5184
5177
5164
5163
5161
5157
5156
5154
5151
5148
5143
5136
5121
5114
5113
5112
5090
5072
5065
5064
5056
5040
5030
5026
5023
5021
5011
5001
4996
4992
4987
4948
4941
4940
4933
4931
4927
4890
4886
4884
4882
4880
4857
4850
4809
4803
4802
4786
4779
4764
4760
4754
4753
4750
4746
4739
4738
4732
4729
4728
4727
4725
4716
4690
4683
4680
4678
4652
4643
4621
4616
4614
4607
4604
4600
4595
4592
4588
4578
4577
4553
4548
4539
4536
4534
4522
4515
4514
4507
4504
4500
4498
4494
4493
4492
4486
4473
4463
4456
4454
4444
4433
4432
4428
4423
4415
4410
4406
4398
4385
4382
4381
4380
4379
4371
4363
4362
4357
4346
4343
4331
4329
4328
4323
4322
4320
4316
4315
4305
4303
4289
4286
4283
4279
4276
4271
4267
4265
4252
4251
4249
4246
4233
4231
4229
4204
4201
4195
4194
4193
4152
4130
4115
4113
4111
4107
4103
4098
4097
4091
4088
4082
4070
4066
4063
4055
4050
4049
4040
4028
4025
4011
4010
4003
4001
