648
20000
11915
11825
11721
11638
11500
11424
11393
11346
11328
11321
11238
11202
11184
11166
11144
10974
10937
10882
10835
10727
10687
10679
10677
10646
10613
10593
10561
10469
10461
10459
10444
10360
10356
10293
10207
10191
10173
10162
10139
10082
10051
10013
9976
9973
9963
9904
9875
9866
9772
9762
9718
9698
9688
9673
9579
9573
9552
9526
9516
9480
9478
9443
9429
9385
9322
9250
9239
9229
9217
9203
9190
9135
9130
9122
9116
9106
9075
9057
9056
9055
9048
9022
8975
8957
8931
8930
8925
8913
8908
8899
8895
8893
8890
8886
8859
8849
8821
8817
8815
8812
8804
8800
8797
8795
8793
8781
8739
8737
8709
8704
8700
8696
8670
8609
8602
8593
8586
8580
8577
8576
8564
8553
8545
8536
8522
8481
8459
8454
8450
8444
8435
8430
8428
8416
8411
8403
8389
8386
8376
8365
8350
8324
8301
8300
8269
8253
8210
8209
8200
8175
8174
8155
8141
8133
8107
8075
8044
8042
8032
8029
8025
8013
7999
7991
7986
7984
7981
7978
7943
7936
7913
7912
7896
7892
7877
7875
7874
7856
7841
7836
7815
7793
7779
7770
7746
7734
7728
7724
7723
7703
7698
7691
7690
7685
7683
7682
7674
7656
7635
7630
7617
7614
7600
7548
7521
7512
7511
7502
7486
7476
7471
7456
7455
7453
7444
7423
7417
7413
7411
7391
7376
7373
7369
7366
7365
7358
7353
7350
7331
7319
7302
7281
7276
7272
7270
7268
7263
7257
7244
7231
7218
7190
7189
7179
7178
7172
7151
7150
7149
7148
7140
7133
7126
7121
7108
7107
7094
7075
7072
7070
7062
7056
7045
7044
7033
7023
6924
6919
6917
6865
6855
6850
6843
6832
6827
6814
6810
6790
6782
6768
6764
6755
6735
6715
6709
6706
6704
6699
6671
6656
6652
6649
6648
6644
6610
6606
6600
6597
6576
6565
6559
6543
6534
6506
6499
6483
6477
6475
6474
6462
6460
6458
6447
6433
6424
6410
6405
6398
6383
6367
6356
6354
6349
6297
6287
6284
6276
6273
6256
6240
6235
6232
6229
6225
6215
6213
6177
6168
6162
6157
6156
6132
6130
6127
6110
6097
6092
6091
6090
6078
6077
6067
6066
6063
6062
6039
6013
6011
6003
5992
5990
5979
5957
5956
5951
5950
5934
5930
5913
5911
5909
5906
5901
5873
5867
5865
5858
5854
5828
5827
5822
5804
5802
5796
5790
5782
5779
5771
5738
5733
5726
5723
5714
5712
5708
5701
5694
5693
5684
5668
5665
5653
5648
5642
5638
5630
5621
5604
5589
5577
5567
5557
5554
5551
5550
5549
5547
5542
5540
5534
5528
5514
5503
5488
5483
5481
5476
5474
5473
5470
5467
5463
5457
5451
5437
5434
5426
5422
5417
5416
5414
5405
5400
5395
5390
5385
5381
5379
5375
5373
5371
5351
5327
5325
5321
5320
5317
5316
5296
5289
5272
5251
5250
5249
5245
5238
5231
5198
5182
5181
5171
5147
5141
5137
5135
5130
5120
5101
5078
5070
5061
5049
5027
5026
5023
5019
5006
5004
5002
5001
4999
4993
4986
4979
4978
4977
4975
4974
4973
4963
4960
4958
4956
4950
4944
4925
4923
4913
4906
4901
4892
4872
4865
4862
4859
4851
4849
4844
4840
4836
4832
4820
4816
4815
4794
4764
4760
4756
4744
4742
4738
4729
4719
4716
4715
4712
4711
4699
4694
4688
4684
4682
4672
4657
4642
4639
4628
4614
4601
4575
4571
4570
4568
4561
4549
4546
4536
4533
4531
4527
4526
4524
4506
4505
4503
4501
4480
4464
4461
4459
4458
4436
4433
4420
4419
4417
4412
4405
4403
4395
4394
4393
4392
4388
4383
4381
4373
4359
4355
4345
4344
4340
4339
4338
4334
4326
4321
4313
4297
4295
4286
4279
4267
4263
4258
4249
4243
4216
4215
4211
4200
4185
4182
4173
4172
4165
4162
4150
4149
4148
4146
4139
4119
4114
4113
4112
4105
4101
4099
4095
4094
4092
4074
4067
4058
4048
4045
4037
4036
4034
4030
4026
4025
4022
4015
4006
4003
4000
