648
20000
11742
11731
11464
11344
11188
11184
11154
11090
11066
10969
10888
10868
10848
10843
10831
10810
10791
10752
10742
10733
10729
10661
10567
10526
10363
10349
10348
10344
10296
10287
10221
10215
10192
10183
10177
10160
10106
9983
9958
9911
9870
9858
9819
9801
9799
9735
9708
9706
9660
9641
9630
9608
9593
9589
9583
9543
9539
9534
9527
9506
9505
9469
9461
9454
9426
9420
9408
9381
9345
9340
9337
9324
9297
9296
9278
9277
9268
9200
9184
9163
9154
9135
9119
9105
9103
9056
9025
9016
9007
9002
8992
8990
8948
8927
8903
8877
8848
8839
8837
8829
8793
8780
8774
8766
8758
8724
8688
8684
8680
8655
8651
8649
8647
8559
8537
8509
8502
8487
8478
8473
8461
8456
8444
8425
8424
8419
8409
8408
8400
8370
8367
8362
8348
8323
8308
8280
8277
8276
8244
8240
8219
8187
8179
8172
8157
8151
8133
8109
8101
8095
8094
8061
8050
8048
8042
8038
8037
8028
8026
8023
8017
7963
7945
7941
7917
7913
7911
7905
7904
7900
7895
7870
7863
7848
7832
7813
7807
7806
7746
7740
7723
7704
7693
7685
7677
7670
7657
7640
7631
7627
7624
7621
7619
7614
7595
7591
7577
7570
7566
7553
7546
7538
7529
7524
7523
7522
7507
7502
7497
7494
7493
7481
7461
7454
7448
7447
7412
7404
7403
7398
7393
7383
7371
7345
7314
7312
7310
7299
7288
7266
7261
7252
7239
7236
7219
7214
7209
7203
7198
7196
7146
7145
7144
7128
7091
7084
7080
7078
7072
7062
7045
7044
7038
7035
7026
7014
7010
7002
6980
6969
6959
6958
6950
6946
6945
6942
6939
6936
6932
6931
6927
6920
6906
6903
6895
6888
6873
6848
6844
6834
6833
6820
6818
6792
6788
6776
6774
6743
6729
6722
6699
6691
6677
6676
6674
6670
6656
6654
6628
6624
6620
6592
6590
6582
6562
6554
6550
6543
6534
6532
6525
6490
6480
6474
6436
6436
6435
6417
6395
6393
6373
6368
6352
6347
6338
6319
6315
6307
6303
6281
6280
6278
6276
6274
6262
6258
6253
6252
6251
6209
6189
6182
6168
6163
6157
6152
6134
6132
6125
6116
6110
6083
6071
6069
6067
6051
6050
6043
6040
6032
5996
5989
5987
5979
5978
5971
5968
5963
5948
5942
5937
5926
5922
5910
5880
5875
5867
5865
5846
5839
5825
5818
5817
5813
5797
5796
5793
5790
5786
5780
5779
5765
5759
5755
5749
5728
5720
5710
5699
5691
5685
5676
5674
5659
5649
5631
5617
5611
5601
5600
5584
5579
5576
5571
5570
5559
5552
5548
5545
5543
5539
5528
5525
5513
5508
5504
5498
5496
5495
5481
5477
5476
5471
5456
5441
5434
5431
5429
5426
5420
5414
5408
5396
5388
5384
5373
5372
5362
5356
5352
5349
5345
5341
5331
5330
5323
5285
5277
5264
5255
5245
5240
5226
5217
5207
5205
5202
5197
5193
5192
5189
5188
5185
5178
5167
5166
5162
5158
5155
5153
5150
5144
5134
5133
5132
5126
5121
5102
5098
5084
5080
5051
5049
5048
5044
5041
5038
5012
5003
4998
4995
4992
4979
4973
4972
4968
4961
4949
4948
4939
4933
4930
4916
4914
4912
4884
4882
4880
4863
4862
4858
4852
4851
4850
4839
4838
4831
4788
4773
4766
4763
4757
4752
4750
4744
4743
4734
4724
4722
4718
4711
4710
4701
4697
4691
4686
4682
4680
4663
4654
4653
4650
4638
4635
4631
4623
4621
4619
4617
4598
4589
4588
4586
4583
4581
4577
4557
4555
4551
4546
4534
4524
4505
4503
4494
4489
4483
4479
4476
4473
4458
4456
4451
4445
4434
4431
4410
4406
4403
4401
4399
4397
4394
4388
4385
4382
4377
4372
4370
4366
4349
4340
4325
4311
4310
4305
4293
4287
4285
4281
4277
4263
4251
4228
4220
4212
4208
4198
4196
4188
4187
4185
4179
4163
4157
4155
4151
4143
4136
4119
4112
4111
4101
4096
4094
4090
4089
4081
4079
4071
4063
4060
4047
4045
4035
4027
4022
4018
