648
20000
11440
11389
11308
11264
11252
11241
11221
11193
11185
11159
11080
11049
11040
10968
10919
10868
10854
10804
10678
10651
10613
10572
10538
10436
10398
10279
10208
10197
10121
10066
10041
10037
9984
9971
9929
9909
9851
9823
9789
9777
9769
9750
9734
9721
9656
9638
9605
9563
9561
9559
9524
9511
9503
9480
9456
9420
9400
9398
9387
9377
9356
9350
9348
9289
9283
9266
9241
9216
9201
9198
9191
9183
9167
9153
9142
9140
9137
9100
9082
9059
9052
9048
9024
9017
9015
9002
8966
8958
8942
8929
8919
8830
8825
8807
8783
8761
8738
8737
8734
8729
8724
8715
8714
8708
8685
8661
8660
8657
8652
8647
8644
8621
8617
8611
8592
8585
8575
8573
8534
8510
8458
8438
8419
8408
8399
8385
8321
8292
8287
8284
8270
8242
8223
8208
8198
8180
8177
8176
8172
8155
8148
8142
8138
8108
8097
8085
8074
8072
8056
8053
8047
8044
8029
8022
8020
8010
8009
7991
7972
7965
7958
7948
7947
7937
7933
7927
7919
7918
7890
7867
7863
7862
7861
7833
7828
7815
7808
7789
7783
7750
7741
7736
7725
7717
7714
7703
7700
7693
7691
7677
7676
7655
7647
7643
7641
7637
7612
7608
7584
7570
7557
7536
7523
7522
7510
7501
7479
7478
7473
7471
7468
7463
7457
7433
7426
7423
7418
7414
7408
7401
7395
7391
7386
7384
7372
7370
7367
7350
7329
7321
7311
7293
7258
7241
7234
7221
7216
7210
7195
7162
7159
7151
7148
7130
7118
7112
7110
7108
7102
7099
7098
7084
7050
7037
7028
7016
7005
6994
6989
6979
6964
6961
6959
6954
6951
6947
6938
6923
6916
6904
6896
6887
6875
6863
6849
6835
6826
6801
6795
6789
6780
6770
6764
6755
6749
6747
6745
6744
6726
6711
6706
6697
6692
6684
6658
6633
6619
6595
6587
6577
6574
6568
6563
6560
6556
6548
6545
6540
6535
6532
6491
6481
6473
6465
6463
6462
6460
6455
6454
6447
6441
6440
6436
6418
6417
6414
6412
6409
6408
6406
6387
6386
6381
6372
6359
6354
6336
6335
6330
6320
6317
6286
6281
6280
6279
6275
6264
6253
6242
6239
6238
6232
6231
6201
6199
6198
6188
6187
6186
6178
6156
6141
6117
6113
6109
6108
6106
6101
6099
6095
6093
6077
6063
6062
6061
6052
6045
6043
6040
6014
5997
5996
5984
5980
5974
5969
5959
5950
5941
5939
5934
5924
5910
5904
5901
5886
5880
5878
5873
5865
5863
5862
5858
5857
5853
5843
5835
5830
5810
5806
5802
5796
5791
5782
5777
5773
5768
5760
5752
5751
5747
5742
5739
5732
5712
5695
5687
5675
5639
5596
5585
5556
5550
5547
5545
5538
5526
5525
5523
5505
5498
5495
5468
5449
5445
5436
5433
5421
5414
5411
5384
5364
5357
5349
5327
5319
5318
5311
5310
5308
5303
5284
5275
5273
5267
5243
5238
5233
5229
5221
5192
5189
5188
5184
5179
5176
5150
5148
5138
5127
5119
5113
5112
5102
5101
5100
5087
5081
5077
5059
5040
5027
5023
5013
5005
5001
4974
4965
4963
4935
4932
4927
4923
4907
4905
4890
4887
4882
4876
4861
4860
4840
4829
4821
4815
4812
4809
4807
4803
4802
4798
4792
4789
4787
4770
4764
4763
4749
4741
4732
4727
4726
4722
4720
4710
4706
4705
4702
4701
4699
4679
4662
4655
4636
4633
4627
4626
4624
4622
4615
4614
4605
4604
4592
4589
4582
4581
4560
4559
4551
4533
4529
4527
4516
4510
4503
4499
4496
4494
4491
4479
4478
4470
4465
4459
4445
4443
4442
4434
4424
4423
4409
4402
4394
4392
4389
4381
4356
4354
4346
4344
4343
4340
4335
4334
4314
4301
4299
4295
4285
4283
4278
4272
4268
4256
4255
4254
4252
4241
4227
4226
4223
4222
4209
4208
4172
4161
4158
4157
4156
4149
4147
4141
4138
4133
4128
4126
4124
4115
4093
4089
4081
4077
4074
4073
4069
4059
4055
4048
4047
4046
4039
4037
4026
4025
4023
4013
4004
