648
20000
11938
11876
11839
11824
11738
11420
11325
11279
11146
11087
11057
11013
10990
10978
10798
10720
10672
10645
10637
10598
10576
10558
10516
10408
10405
10372
10367
10358
10346
10262
10252
10213
10208
10159
10147
10120
10098
10069
10026
10020
9940
9920
9908
9897
9894
9891
9889
9866
9862
9850
9837
9834
9833
9820
9808
9795
9782
9781
9735
9714
9705
9704
9693
9663
9636
9599
9584
9565
9555
9511
9448
9435
9430
9428
9417
9411
9397
9385
9380
9378
9368
9356
9333
9328
9316
9303
9289
9273
9271
9217
9213
9211
9202
9184
9175
9159
9154
9147
9130
9124
9117
9112
9108
9087
9022
9000
8987
8958
8939
8928
8884
8878
8847
8816
8747
8705
8704
8701
8689
8665
8647
8630
8629
8623
8613
8602
8579
8553
8546
8532
8530
8494
8477
8439
8430
8428
8420
8418
8398
8384
8377
8362
8341
8324
8323
8315
8309
8302
8284
8280
8276
8248
8240
8234
8219
8214
8209
8194
8165
8157
8155
8147
8132
8129
8127
8103
8098
8053
8048
8037
8031
7990
7981
7972
7962
7937
7935
7919
7917
7913
7910
7903
7870
7868
7859
7857
7853
7816
7815
7795
7792
7791
7787
7779
7776
7758
7749
7748
7747
7713
7674
7666
7660
7642
7621
7610
7595
7583
7576
7570
7567
7563
7556
7555
7530
7522
7518
7506
7479
7473
7459
7450
7437
7426
7425
7422
7415
7365
7350
7349
7333
7287
7260
7236
7231
7199
7173
7166
7156
7146
7127
7124
7112
7077
7073
7071
7058
7049
7042
7033
7031
7027
7020
7017
6993
6976
6958
6954
6943
6941
6907
6904
6883
6853
6847
6836
6835
6784
6783
6775
6770
6760
6758
6756
6753
6738
6732
6725
6711
6704
6691
6661
6655
6652
6646
6645
6640
6633
6614
6610
6604
6599
6593
6590
6579
6568
6564
6558
6545
6538
6536
6530
6507
6503
6486
6471
6432
6426
6405
6403
6382
6376
6373
6367
6348
6317
6304
6297
6278
6264
6255
6250
6223
6217
6211
6208
6207
6203
6200
6194
6186
6182
6161
6141
6135
6133
6127
6095
6087
6078
6074
6070
6064
6060
6059
6034
6033
6018
6017
6015
6014
6009
5998
5976
5972
5970
5965
5956
5940
5939
5935
5934
5933
5915
5910
5901
5885
5881
5876
5862
5858
5854
5842
5837
5836
5835
5834
5831
5826
5815
5786
5785
5774
5767
5733
5719
5713
5680
5673
5632
5620
5617
5615
5602
5600
5597
5596
5593
5585
5584
5573
5554
5552
5532
5525
5513
5500
5491
5482
5477
5475
5466
5464
5463
5461
5455
5446
5445
5437
5427
5417
5407
5400
5398
5389
5381
5377
5365
5364
5348
5343
5331
5330
5323
5321
5318
5316
5314
5311
5310
5299
5275
5274
5268
5263
5255
5239
5226
5210
5208
5204
5200
5195
5191
5190
5189
5174
5169
5162
5160
5159
5144
5142
5136
5124
5121
5120
5106
5097
5094
5092
5088
5087
5081
5070
5069
5066
5060
5059
5052
5044
5024
5023
5022
5018
5013
5012
5002
5000
4992
4987
4974
4967
4966
4963
4951
4937
4932
4918
4913
4909
4903
4898
4875
4874
4870
4859
4855
4849
4848
4836
4821
4820
4819
4818
4817
4807
4805
4798
4796
4793
4791
4780
4773
4772
4770
4767
4758
4755
4754
4736
4733
4718
4711
4707
4700
4699
4698
4692
4685
4669
4661
4647
4645
4639
4637
4615
4614
4613
4607
4601
4600
4597
4595
4594
4588
4582
4573
4560
4558
4547
4535
4523
4504
4493
4477
4467
4460
4446
4444
4435
4427
4425
4421
4420
4419
4416
4403
4397
4381
4375
4368
4365
4358
4351
4349
4346
4329
4323
4312
4299
4287
4283
4282
4277
4268
4262
4260
4258
4251
4237
4236
4234
4228
4219
4208
4207
4205
4196
4192
4189
4187
4185
4174
4173
4172
4171
4164
4159
4158
4155
4153
4151
4143
4133
4129
4125
4116
4110
4104
4102
4091
4089
4087
4082
4073
4051
4038
4029
4028
4024
4021
4018
4011
4010
4007
4006
4004
