648
20000
11921
11874
11655
11548
11501
11279
11253
11234
11218
10815
10642
10632
10627
10624
10613
10561
10558
10533
10471
10256
10250
10249
10247
10186
10170
10168
10164
10150
10148
10068
10044
10037
9927
9901
9885
9882
9848
9826
9772
9770
9743
9724
9723
9707
9630
9588
9554
9537
9515
9463
9449
9381
9341
9340
9339
9336
9318
9308
9265
9198
9185
9170
9159
9109
9086
9075
9048
9042
9038
9023
9015
8991
8990
8971
8959
8945
8935
8892
8888
8870
8856
8849
8830
8822
8820
8818
8810
8785
8769
8766
8758
8754
8750
8729
8713
8711
8701
8697
8690
8689
8688
8671
8670
8663
8660
8649
8642
8594
8583
8580
8527
8503
8475
8474
8453
8442
8434
8391
8380
8355
8330
8326
8320
8316
8280
8274
8251
8248
8246
8204
8202
8195
8189
8182
8160
8152
8135
8134
8129
8108
8100
8095
8092
8089
8072
8054
8050
8049
8036
8022
8017
8010
8006
7972
7961
7949
7933
7926
7922
7909
7897
7891
7881
7879
7874
7853
7847
7836
7828
7826
7824
7795
7772
7730
7701
7700
7695
7657
7648
7618
7593
7592
7588
7582
7575
7566
7565
7550
7548
7544
7538
7530
7526
7523
7519
7513
7512
7508
7477
7473
7471
7447
7446
7445
7441
7430
7425
7422
7410
7387
7371
7369
7358
7348
7331
7326
7317
7314
7306
7303
7286
7269
7250
7241
7225
7222
7214
7213
7201
7199
7197
7179
7162
7143
7141
7139
7132
7128
7118
7114
7109
7081
7080
7076
7072
7066
7044
7043
7041
7031
7018
7017
7007
7004
7002
6999
6986
6971
6967
6964
6962
6942
6940
6936
6932
6926
6920
6917
6905
6900
6899
6895
6892
6865
6862
6847
6840
6833
6829
6828
6815
6814
6808
6802
6794
6782
6772
6768
6760
6758
6739
6719
6716
6711
6709
6705
6691
6687
6684
6681
6665
6650
6647
6642
6628
6615
6614
6595
6589
6580
6575
6573
6553
6550
6520
6519
6515
6509
6494
6490
6489
6488
6484
6483
6471
6469
6464
6460
6453
6452
6443
6440
6425
6419
6408
6407
6369
6367
6360
6359
6349
6346
6344
6321
6315
6311
6308
6307
6304
6295
6294
6291
6279
6270
6261
6260
6250
6224
6223
6222
6216
6199
6194
6167
6164
6159
6154
6134
6105
6089
6073
6069
6061
6059
6049
6042
6034
6033
6029
6012
6005
5997
5994
5992
5986
5982
5976
5970
5964
5963
5958
5949
5939
5933
5921
5917
5907
5882
5881
5877
5859
5857
5841
5808
5803
5800
5794
5788
5781
5772
5765
5749
5744
5728
5727
5718
5716
5702
5696
5695
5682
5679
5677
5670
5659
5656
5637
5636
5634
5623
5615
5611
5609
5596
5595
5582
5576
5574
5563
5562
5561
5560
5550
5547
5546
5535
5534
5530
5509
5501
5483
5479
5478
5472
5460
5448
5438
5437
5426
5423
5404
5401
5396
5391
5388
5382
5371
5333
5321
5317
5313
5312
5301
5297
5288
5287
5284
5283
5279
5271
5270
5268
5266
5247
5244
5238
5227
5212
5192
5179
5176
5175
5164
5162
5154
5143
5135
5134
5123
5114
5110
5109
5106
5103
5096
5089
5081
5072
5070
5058
5053
5042
5040
5037
5029
5017
5013
5009
5003
5001
4995
4992
4991
4982
4974
4973
4959
4949
4947
4928
4908
4907
4904
4897
4895
4874
4867
4846
4844
4833
4831
4823
4806
4793
4773
4769
4768
4762
4756
4746
4722
4715
4697
4696
4691
4685
4678
4665
4653
4650
4640
4637
4614
4601
4598
4591
4580
4578
4557
4545
4538
4537
4526
4523
4517
4508
4501
4498
4491
4490
4480
4453
4432
4427
4412
4408
4399
4398
4395
4384
4376
4361
4345
4340
4339
4338
4328
4323
4322
4317
4316
4306
4305
4299
4295
4294
4284
4275
4268
4261
4253
4247
4236
4234
4230
4213
4210
4205
4191
4182
4172
4158
4154
4148
4139
4132
4123
4104
4101
4097
4096
4092
4083
4067
4066
4064
4062
4057
4053
4050
4048
4045
4036
4035
4031
4028
4012
4004
