648
20000
11907
11808
11800
11765
11713
11700
11452
11444
11419
11374
11333
11249
11151
11036
10959
10926
10884
10879
10869
10828
10809
10767
10627
10594
10512
10488
10460
10457
10418
10401
10374
10300
10299
10296
10246
10225
10194
10183
10174
10160
10151
10149
10119
10050
10043
10025
10000
9995
9990
9980
9905
9865
9843
9823
9791
9753
9716
9687
9663
9659
9653
9639
9554
9521
9505
9488
9468
9461
9447
9433
9423
9419
9412
9411
9370
9369
9338
9279
9267
9237
9233
9208
9201
9175
9169
9161
9110
9087
9086
9078
9072
9025
8962
8939
8924
8912
8908
8895
8885
8883
8879
8868
8851
8825
8822
8816
8813
8809
8800
8794
8782
8780
8778
8743
8725
8719
8702
8700
8699
8698
8697
8660
8653
8647
8567
8562
8559
8531
8529
8525
8518
8514
8505
8497
8458
8456
8436
8415
8385
8383
8382
8331
8323
8307
8279
8271
8270
8260
8240
8227
8219
8209
8203
8198
8189
8143
8104
8079
8074
8073
8045
8040
8031
8021
8016
8004
7988
7966
7937
7926
7921
7897
7888
7865
7842
7838
7823
7821
7820
7798
7773
7766
7753
7752
7743
7733
7730
7723
7717
7694
7686
7685
7675
7647
7644
7602
7583
7566
7564
7561
7558
7555
7545
7532
7526
7470
7390
7387
7378
7374
7373
7372
7364
7351
7350
7330
7328
7326
7322
7321
7308
7305
7297
7296
7280
7261
7255
7247
7239
7210
7201
7188
7185
7153
7145
7139
7127
7116
7082
7065
7048
7023
7019
7015
6999
6993
6992
6985
6981
6977
6972
6971
6969
6964
6959
6955
6931
6895
6889
6881
6873
6868
6866
6864
6851
6846
6835
6832
6827
6819
6817
6808
6807
6775
6772
6767
6758
6756
6754
6740
6720
6713
6697
6689
6678
6674
6673
6667
6659
6658
6656
6639
6635
6630
6626
6618
6613
6609
6606
6600
6598
6579
6578
6567
6561
6556
6547
6542
6535
6533
6526
6504
6493
6481
6458
6455
6440
6435
6429
6428
6427
6424
6419
6411
6409
6406
6351
6350
6339
6335
6326
6311
6297
6291
6259
6258
6240
6225
6223
6222
6214
6198
6196
6193
6191
6186
6182
6178
6163
6153
6149
6127
6118
6077
6076
6074
6070
6068
6052
6045
6039
6037
6033
6025
6024
6019
5972
5968
5949
5934
5906
5904
5891
5886
5881
5874
5870
5864
5858
5856
5853
5832
5830
5827
5811
5807
5806
5798
5794
5771
5758
5738
5729
5723
5709
5693
5690
5689
5686
5683
5681
5653
5635
5632
5630
5628
5627
5621
5608
5604
5593
5589
5583
5580
5565
5548
5544
5542
5541
5524
5506
5500
5491
5464
5449
5425
5419
5418
5414
5383
5381
5344
5338
5336
5335
5326
5322
5318
5313
5304
5274
5266
5259
5243
5238
5216
5213
5212
5211
5209
5199
5188
5166
5165
5162
5150
5145
5142
5137
5130
5114
5113
5112
5106
5101
5094
5090
5088
5069
5066
5050
5046
5045
5039
5035
5032
5028
5018
5016
5012
5003
4996
4987
4985
4973
4966
4962
4960
4953
4951
4935
4929
4925
4917
4893
4889
4886
4878
4877
4872
4864
4856
4846
4845
4844
4840
4837
4831
4827
4820
4819
4809
4804
4796
4794
4790
4781
4774
4770
4750
4745
4743
4739
4734
4720
4716
4715
4706
4701
4695
4688
4681
4674
4671
4668
4666
4651
4633
4632
4628
4614
4613
4612
4611
4609
4607
4601
4588
4586
4581
4565
4559
4554
4553
4547
4542
4538
4535
4531
4525
4523
4522
4520
4516
4513
4496
4483
4481
4476
4475
4469
4466
4465
4464
4449
4438
4426
4424
4419
4410
4409
4402
4399
4396
4392
4390
4386
4377
4367
4366
4357
4347
4341
4339
4337
4329
4326
4325
4317
4300
4296
4294
4283
4279
4275
4270
4263
4262
4255
4250
4242
4240
4235
4228
4227
4195
4182
4174
4171
4162
4161
4157
4154
4149
4147
4146
4113
4112
4108
4099
4092
4082
4079
4075
4068
4058
4045
4038
4037
4035
4029
4016
4014
4011
4010
4002
4001
4000
