648
20000
11893
11792
11628
11551
11470
11341
11331
11196
11185
11175
11163
11082
11005
10953
10898
10887
10856
10799
10791
10778
10764
10756
10704
10550
10522
10508
10460
10444
10258
10252
10245
10099
10090
10056
10046
10045
10008
9997
9937
9920
9866
9846
9731
9683
9663
9613
9549
9530
9517
9502
9500
9480
9468
9462
9441
9390
9380
9368
9362
9352
9340
9339
9336
9333
9330
9311
9299
9294
9285
9263
9202
9195
9174
9134
9126
9088
9075
9053
9038
9030
9010
9006
8999
8991
8975
8971
8966
8956
8949
8935
8923
8910
8905
8873
8871
8855
8848
8833
8793
8754
8707
8701
8674
8657
8620
8615
8546
8538
8522
8512
8510
8488
8487
8477
8465
8457
8438
8437
8431
8414
8391
8382
8372
8362
8357
8351
8349
8327
8321
8251
8247
8235
8217
8211
8210
8208
8190
8177
8145
8144
8135
8096
8090
8077
8069
8068
8058
8053
8050
8047
8028
8027
8020
7983
7982
7946
7934
7925
7921
7920
7890
7886
7860
7858
7857
7850
7846
7832
7816
7805
7780
7778
7767
7736
7729
7723
7709
7697
7690
7664
7659
7650
7648
7647
7645
7642
7639
7628
7625
7620
7595
7582
7555
7553
7550
7542
7518
7514
7495
7489
7484
7482
7475
7468
7454
7447
7446
7410
7398
7396
7382
7374
7369
7346
7334
7324
7319
7310
7305
7303
7300
7287
7265
7262
7257
7256
7255
7247
7240
7234
7229
7219
7195
7185
7182
7164
7159
7153
7148
7147
7135
7116
7113
7110
7109
7108
7089
7087
7084
7040
7033
7022
7018
7017
7005
6995
6992
6976
6974
6969
6966
6961
6949
6943
6937
6929
6921
6919
6917
6898
6880
6877
6872
6871
6864
6852
6850
6837
6831
6820
6814
6808
6800
6798
6779
6776
6769
6755
6728
6717
6706
6700
6691
6677
6672
6662
6650
6642
6636
6632
6630
6621
6620
6613
6599
6588
6572
6563
6545
6544
6539
6506
6495
6493
6487
6472
6467
6463
6457
6444
6439
6429
6425
6422
6421
6410
6407
6403
6402
6398
6394
6383
6381
6374
6365
6362
6351
6333
6328
6323
6320
6315
6314
6289
6279
6273
6262
6241
6240
6216
6186
6184
6164
6162
6161
6158
6150
6145
6140
6125
6123
6120
6116
6100
6090
6080
6047
6046
6038
6028
6023
6021
6018
6011
5994
5986
5976
5974
5959
5958
5953
5945
5929
5922
5918
5899
5894
5892
5878
5874
5869
5868
5858
5855
5847
5806
5804
5802
5799
5797
5787
5786
5782
5779
5778
5776
5769
5755
5737
5731
5721
5705
5696
5685
5668
5667
5666
5656
5652
5650
5628
5623
5616
5608
5605
5604
5591
5586
5584
5574
5567
5554
5547
5536
5521
5511
5503
5479
5478
5472
5467
5461
5460
5455
5440
5439
5436
5434
5432
5429
5428
5426
5406
5405
5404
5400
5393
5385
5383
5377
5375
5362
5359
5353
5340
5311
5302
5299
5276
5272
5251
5248
5242
5238
5234
5225
5224
5209
5200
5177
5172
5163
5161
5154
5153
5150
5148
5141
5136
5133
5132
5127
5106
5103
5098
5077
5065
5057
5056
5053
5049
5045
5038
5021
5020
5008
5004
4999
4990
4956
4951
4928
4921
4912
4909
4907
4901
4886
4869
4866
4858
4839
4827
4823
4808
4802
4801
4779
4769
4767
4765
4752
4731
4730
4729
4721
4720
4715
4712
4710
4707
4704
4698
4688
4685
4681
4671
4655
4640
4630
4628
4609
4607
4602
4601
4597
4592
4590
4567
4566
4565
4564
4549
4546
4538
4536
4532
4524
4521
4501
4496
4494
4483
4482
4480
4458
4449
4448
4441
4433
4432
4430
4428
4427
4399
4391
4386
4384
4377
4376
4373
4370
4365
4362
4355
4348
4344
4343
4337
4332
4321
4316
4308
4305
4302
4292
4286
4285
4284
4273
4263
4260
4251
4230
4218
4201
4187
4180
4175
4171
4168
4163
4162
4160
4158
4156
4153
4145
4116
4108
4106
4105
4104
4103
4102
4101
4093
4092
4076
4073
4070
4063
4056
4050
4039
4037
4022
4017
