648
20000
11430
11352
11308
11185
10950
10898
10875
10626
10602
10504
10461
10408
10349
10311
10302
10256
10243
10154
10128
10015
10011
9998
9987
9930
9920
9893
9837
9804
9781
9774
9743
9739
9733
9697
9694
9631
9610
9605
9594
9552
9547
9538
9507
9475
9473
9470
9429
9398
9387
9385
9368
9365
9354
9342
9341
9313
9293
9290
9282
9275
9244
9236
9235
9230
9207
9206
9203
9191
9180
9148
9143
9137
9101
9098
9060
9053
9048
9043
9012
8997
8963
8955
8941
8940
8937
8932
8920
8918
8916
8895
8879
8863
8842
8841
8830
8819
8811
8803
8801
8797
8766
8757
8754
8751
8748
8741
8736
8710
8708
8678
8671
8658
8645
8639
8635
8623
8611
8607
8539
8514
8461
8460
8448
8439
8434
8430
8423
8422
8420
8402
8378
8356
8352
8337
8333
8318
8313
8312
8290
8288
8287
8286
8285
8264
8262
8218
8210
8206
8185
8151
8131
8122
8118
8112
8107
8096
8067
8060
8021
8020
8004
8001
7965
7942
7930
7928
7926
7925
7922
7919
7898
7886
7883
7880
7867
7843
7825
7788
7780
7771
7743
7739
7738
7737
7732
7725
7724
7722
7718
7712
7704
7701
7683
7649
7635
7634
7612
7590
7585
7577
7573
7564
7532
7526
7514
7503
7502
7500
7496
7479
7475
7473
7472
7470
7464
7439
7414
7410
7405
7402
7400
7396
7386
7360
7354
7353
7347
7344
7340
7336
7330
7308
7303
7299
7294
7292
7284
7277
7257
7255
7252
7248
7246
7245
7240
7238
7215
7213
7185
7179
7172
7168
7150
7099
7098
7095
7071
7065
7063
7037
7034
7033
7020
7015
7013
6952
6934
6926
6923
6919
6915
6903
6900
6895
6891
6890
6886
6875
6850
6849
6818
6809
6790
6788
6775
6762
6757
6750
6744
6737
6712
6695
6670
6669
6663
6645
6644
6642
6624
6617
6606
6602
6591
6579
6578
6574
6566
6553
6540
6526
6521
6511
6502
6499
6491
6489
6484
6478
6462
6460
6439
6436
6429
6424
6406
6402
6401
6384
6381
6373
6353
6349
6344
6341
6334
6325
6323
6314
6312
6278
6274
6267
6265
6264
6250
6241
6239
6229
6228
6178
6169
6162
6160
6155
6148
6145
6138
6124
6119
6117
6093
6092
6091
6079
6078
6069
6064
6053
6051
6038
6033
6027
5992
5985
5967
5962
5958
5943
5934
5933
5932
5913
5912
5894
5880
5878
5872
5871
5869
5854
5851
5849
5845
5843
5840
5837
5831
5822
5808
5807
5797
5785
5778
5771
5766
5755
5749
5748
5725
5722
5696
5695
5688
5684
5679
5678
5670
5667
5652
5643
5629
5618
5616
5612
5610
5604
5602
5601
5587
5570
5562
5558
5544
5538
5523
5519
5501
5494
5493
5487
5485
5478
5476
5472
5469
5468
5455
5454
5449
5439
5423
5414
5413
5409
5404
5402
5401
5392
5390
5372
5371
5366
5363
5350
5347
5342
5336
5319
5316
5315
5313
5297
5290
5273
5269
5265
5260
5250
5245
5235
5225
5221
5220
5217
5216
5203
5196
5193
5192
5184
5171
5170
5167
5164
5162
5155
5141
5119
5115
5091
5086
5080
5072
5070
5069
5068
5058
5052
5048
5042
5031
5030
5014
5004
5001
4993
4992
4965
4960
4957
4956
4945
4939
4926
4921
4920
4918
4908
4890
4886
4880
4869
4848
4837
4833
4813
4806
4800
4789
4788
4771
4767
4750
4747
4740
4712
4702
4698
4691
4676
4675
4674
4671
4666
4664
4660
4653
4649
4639
4629
4622
4618
4613
4609
4607
4603
4583
4571
4568
4542
4536
4532
4531
4520
4519
4518
4513
4501
4500
4492
4489
4477
4463
4460
4458
4455
4453
4438
4435
4428
4420
4419
4409
4402
4401
4392
4391
4380
4379
4374
4373
4371
4368
4360
4359
4354
4326
4312
4307
4305
4302
4298
4279
4265
4246
4238
4230
4226
4223
4219
4204
4189
4184
4171
4164
4152
4148
4144
4136
4132
4129
4121
4112
4106
4104
4100
4084
4083
4082
4078
4072
4044
4032
4026
4013
4004
4002
4001
