648
20000
11704
11378
11363
11355
11215
11061
10933
10901
10764
10748
10731
10628
10622
10618
10608
10599
10529
10518
10482
10469
10363
10359
10344
10343
10317
10313
10310
10301
10283
10277
10273
10261
10237
10201
10099
10076
10042
10032
9969
9939
9917
9862
9859
9843
9841
9814
9765
9689
9686
9675
9639
9615
9543
9538
9494
9477
9465
9456
9444
9440
9374
9361
9345
9333
9332
9277
9266
9265
9224
9203
9179
9152
9146
9144
9139
9136
9065
9064
9054
9049
9034
9027
9021
9019
9015
9008
8998
8996
8993
8935
8922
8916
8890
8881
8870
8858
8847
8837
8803
8799
8782
8769
8746
8742
8736
8712
8694
8690
8677
8672
8658
8649
8645
8634
8627
8586
8566
8536
8513
8512
8510
8502
8497
8479
8469
8463
8455
8448
8427
8422
8415
8402
8386
8378
8370
8367
8362
8357
8326
8321
8290
8267
8257
8213
8192
8184
8173
8171
8163
8160
8147
8146
8108
8100
8065
8046
8027
8024
8014
8004
7998
7987
7969
7955
7951
7928
7917
7915
7898
7893
7886
7883
7882
7878
7870
7854
7853
7836
7827
7812
7810
7808
7769
7752
7742
7708
7705
7700
7695
7693
7690
7682
7664
7641
7603
7587
7584
7565
7564
7548
7537
7525
7521
7506
7494
7460
7455
7453
7442
7441
7438
7436
7416
7408
7398
7343
7340
7338
7337
7317
7314
7291
7282
7261
7253
7250
7248
7244
7239
7235
7222
7218
7208
7207
7204
7186
7174
7169
7168
7165
7162
7132
7125
7124
7119
7076
7073
7062
7026
7011
7006
6995
6979
6974
6968
6953
6949
6928
6905
6901
6881
6880
6879
6859
6856
6842
6830
6828
6819
6818
6815
6814
6813
6811
6808
6802
6789
6767
6764
6741
6737
6720
6716
6706
6705
6700
6678
6670
6640
6637
6633
6608
6606
6598
6590
6558
6540
6531
6510
6493
6491
6484
6481
6475
6463
6457
6450
6423
6411
6400
6396
6394
6393
6388
6372
6363
6354
6340
6333
6320
6313
6288
6283
6282
6280
6278
6276
6273
6269
6268
6265
6261
6253
6248
6245
6242
6234
6227
6224
6221
6217
6213
6211
6206
6202
6191
6187
6176
6171
6159
6152
6146
6133
6129
6116
6112
6104
6100
6094
6084
6080
6074
6067
6066
6063
6049
6045
6035
6029
6014
6008
5991
5975
5969
5960
5956
5940
5939
5921
5915
5909
5901
5882
5879
5871
5867
5866
5842
5821
5804
5800
5798
5786
5784
5777
5771
5764
5758
5756
5754
5751
5749
5733
5732
5731
5725
5704
5679
5675
5666
5663
5656
5633
5624
5621
5614
5611
5610
5598
5597
5594
5589
5586
5576
5574
5565
5562
5552
5550
5545
5515
5514
5504
5502
5500
5487
5486
5485
5461
5459
5451
5450
5445
5440
5436
5433
5430
5424
5419
5408
5402
5399
5396
5386
5380
5349
5348
5344
5332
5320
5316
5307
5305
5302
5297
5288
5282
5280
5274
5267
5257
5245
5235
5230
5226
5215
5207
5205
5189
5185
5182
5163
5146
5142
5137
5134
5122
5116
5112
5107
5103
5095
5091
5089
5084
5076
5075
5070
5060
5055
5047
5043
5042
5039
5036
5035
5023
5019
5015
5010
4995
4994
4992
4972
4954
4953
4951
4932
4931
4929
4924
4921
4916
4913
4912
4904
4898
4887
4882
4881
4880
4876
4867
4865
4854
4844
4840
4832
4824
4804
4787
4786
4773
4769
4767
4761
4725
4724
4721
4708
4703
4685
4675
4672
4666
4664
4646
4642
4640
4636
4632
4624
4620
4611
4610
4609
4603
4596
4594
4588
4578
4576
4557
4555
4553
4550
4534
4526
4520
4517
4506
4492
4478
4475
4473
4468
4452
4440
4437
4388
4385
4381
4377
4371
4369
4360
4355
4348
4339
4333
4326
4325
4320
4316
4313
4301
4299
4296
4293
4291
4282
4281
4280
4262
4250
4247
4242
4239
4218
4212
4207
4202
4194
4188
4173
4161
4155
4153
4143
4138
4135
4129
4123
4117
4112
4110
4109
4104
4078
4074
4066
4057
4026
4023
4021
4017
4015
4001
