648
20000
11944
11844
11810
11780
11671
11507
11488
11416
11402
11177
11118
10826
10820
10736
10707
10681
10666
10653
10635
10598
10590
10566
10547
10467
10437
10296
10262
10232
10170
10134
10111
10094
10093
10074
10050
10006
9980
9940
9923
9896
9894
9856
9853
9846
9721
9678
9653
9647
9632
9579
9568
9567
9563
9525
9519
9500
9479
9449
9448
9432
9429
9425
9423
9412
9354
9312
9306
9288
9262
9252
9227
9226
9218
9217
9196
9186
9157
9153
9123
9121
9101
9095
9086
9072
9070
9035
9016
9009
8990
8988
8979
8949
8942
8938
8910
8898
8863
8860
8854
8849
8837
8836
8826
8797
8794
8780
8773
8761
8716
8714
8711
8692
8691
8647
8630
8579
8573
8555
8554
8540
8538
8523
8502
8498
8490
8480
8478
8441
8432
8427
8413
8410
8396
8390
8389
8380
8369
8364
8356
8346
8329
8319
8310
8304
8295
8269
8267
8246
8244
8231
8226
8212
8210
8200
8193
8191
8173
8172
8167
8128
8114
8099
8061
8056
8052
8012
8010
7989
7981
7978
7968
7955
7944
7939
7926
7914
7878
7875
7860
7830
7828
7798
7779
7754
7744
7741
7737
7734
7731
7729
7726
7725
7716
7711
7706
7693
7676
7648
7623
7620
7606
7602
7548
7522
7508
7497
7487
7462
7455
7434
7432
7431
7420
7403
7401
7378
7370
7343
7341
7337
7321
7300
7299
7280
7262
7251
7249
7244
7239
7224
7204
7190
7181
7167
7166
7160
7150
7138
7130
7114
7107
7099
7091
7085
7077
7058
7043
7030
7007
6965
6957
6949
6947
6938
6935
6934
6933
6932
6927
6918
6915
6914
6911
6904
6887
6878
6875
6864
6855
6850
6848
6838
6835
6832
6819
6817
6809
6786
6774
6766
6751
6750
6694
6686
6683
6630
6629
6599
6596
6593
6578
6577
6574
6572
6571
6570
6568
6566
6561
6556
6549
6519
6505
6501
6499
6489
6485
6470
6456
6449
6444
6442
6439
6433
6422
6416
6400
6378
6376
6366
6357
6343
6293
6279
6278
6271
6257
6246
6235
6228
6224
6219
6215
6212
6202
6201
6195
6193
6178
6177
6166
6156
6144
6139
6135
6116
6095
6089
6087
6083
6078
6072
6063
6054
6053
6045
6043
6041
6030
6027
6014
6006
6000
5976
5961
5960
5958
5954
5946
5932
5928
5918
5911
5910
5907
5902
5899
5897
5893
5891
5870
5866
5864
5847
5839
5824
5823
5802
5791
5786
5784
5782
5778
5760
5745
5733
5725
5721
5714
5713
5698
5693
5692
5690
5687
5685
5680
5658
5654
5640
5625
5605
5598
5595
5585
5582
5573
5572
5564
5563
5561
5555
5552
5549
5540
5532
5519
5508
5498
5484
5482
5481
5478
5476
5474
5466
5464
5454
5439
5433
5431
5421
5396
5391
5385
5377
5359
5333
5331
5325
5322
5319
5313
5310
5302
5300
5294
5280
5279
5276
5274
5266
5264
5258
5247
5243
5228
5203
5195
5191
5182
5179
5176
5175
5174
5173
5167
5165
5161
5156
5144
5136
5133
5125
5119
5113
5110
5106
5104
5100
5095
5086
5084
5064
5063
5055
5048
5045
5043
5041
5039
5013
5007
4990
4980
4961
4960
4954
4950
4949
4945
4937
4928
4924
4922
4906
4905
4903
4895
4889
4876
4871
4866
4864
4860
4857
4855
4850
4845
4844
4836
4835
4823
4816
4814
4803
4801
4797
4796
4794
4790
4773
4765
4764
4750
4748
4744
4742
4741
4739
4731
4728
4722
4721
4714
4696
4686
4677
4666
4661
4656
4650
4597
4587
4558
4555
4553
4547
4544
4543
4541
4539
4530
4527
4513
4509
4507
4489
4478
4458
4428
4422
4412
4404
4398
4397
4379
4378
4372
4371
4367
4349
4337
4334
4324
4316
4313
4302
4297
4288
4266
4258
4252
4250
4249
4248
4237
4233
4231
4219
4207
4205
4202
4190
4186
4175
4172
4170
4163
4160
4141
4138
4128
4125
4124
4123
4122
4120
4097
4093
4082
4077
4065
4064
4060
4056
4047
4045
4044
4039
4031
4028
4028
4025
4023
4017
4008
4004
