648
20000
11835
11819
11686
11557
11541
11464
11369
11247
11173
11129
11060
11039
10893
10824
10812
10798
10711
10699
10677
10659
10634
10609
10579
10573
10571
10542
10534
10484
10481
10479
10443
10432
10399
10398
10385
10359
10350
10342
10314
10309
10282
10266
10248
10226
10200
10178
10160
10148
10106
10102
10093
10065
10054
10012
10010
9988
9976
9974
9960
9929
9924
9893
9882
9869
9860
9848
9819
9810
9802
9800
9765
9753
9742
9703
9673
9661
9620
9583
9546
9534
9520
9519
9513
9508
9503
9493
9477
9454
9448
9444
9406
9330
9322
9284
9279
9257
9218
9179
9153
9145
9118
9104
9042
9039
9035
9032
8999
8981
8976
8963
8962
8953
8950
8946
8940
8926
8900
8856
8853
8836
8819
8809
8804
8800
8771
8759
8751
8739
8727
8710
8706
8700
8683
8613
8612
8544
8534
8526
8505
8496
8486
8485
8481
8461
8446
8428
8406
8383
8373
8342
8339
8329
8324
8306
8304
8299
8283
8263
8220
8217
8192
8174
8154
8140
8133
8114
8090
8086
8085
8049
8044
8035
8022
7999
7969
7962
7924
7922
7907
7897
7893
7866
7807
7802
7797
7781
7773
7764
7736
7729
7721
7711
7697
7690
7683
7666
7650
7629
7621
7616
7600
7590
7577
7571
7552
7533
7515
7490
7469
7464
7463
7457
7449
7433
7412
7408
7402
7385
7380
7356
7345
7334
7328
7307
7304
7298
7284
7277
7274
7272
7269
7267
7261
7260
7234
7227
7226
7224
7220
7213
7185
7176
7172
7128
7112
7104
7080
7079
7040
7035
7010
6999
6954
6953
6948
6946
6943
6935
6927
6898
6897
6858
6856
6836
6795
6780
6770
6766
6732
6721
6707
6703
6696
6679
6673
6660
6646
6640
6636
6634
6621
6613
6607
6569
6535
6518
6497
6496
6489
6484
6476
6471
6470
6443
6436
6426
6414
6403
6379
6377
6373
6370
6361
6352
6351
6333
6332
6315
6309
6302
6285
6280
6272
6267
6260
6256
6246
6224
6223
6194
6165
6163
6160
6159
6153
6148
6132
6122
6115
6094
6072
6062
6055
6051
6019
6018
5999
5996
5982
5960
5959
5953
5943
5941
5937
5934
5932
5931
5930
5924
5913
5893
5890
5880
5876
5875
5869
5865
5864
5858
5852
5846
5827
5818
5816
5807
5803
5797
5796
5788
5778
5776
5770
5756
5746
5742
5736
5731
5723
5696
5693
5689
5678
5677
5667
5661
5658
5650
5642
5641
5630
5627
5624
5619
5595
5590
5580
5573
5565
5562
5561
5544
5538
5537
5528
5525
5504
5503
5496
5491
5490
5483
5482
5479
5465
5461
5450
5440
5435
5431
5389
5370
5367
5365
5357
5350
5344
5342
5341
5339
5310
5300
5292
5291
5280
5256
5255
5251
5246
5239
5232
5231
5223
5222
5210
5208
5199
5198
5191
5189
5186
5181
5178
5176
5151
5141
5130
5123
5114
5110
5098
5094
5089
5086
5081
5076
5067
5065
5064
5062
5058
5053
5038
5027
5026
5022
5021
5016
5006
4988
4982
4975
4974
4959
4952
4951
4944
4933
4925
4923
4919
4916
4914
4906
4905
4896
4873
4866
4863
4848
4835
4834
4827
4825
4823
4820
4816
4801
4794
4793
4790
4785
4778
4775
4769
4763
4759
4753
4746
4742
4731
4718
4712
4700
4687
4681
4679
4677
4673
4657
4656
4654
4651
4648
4643
4638
4636
4617
4613
4611
4608
4607
4601
4600
4596
4584
4576
4574
4573
4567
4566
4563
4551
4550
4542
4536
4533
4516
4515
4503
4498
4477
4473
4472
4470
4467
4465
4463
4451
4448
4444
4442
4441
4439
4437
4432
4427
4417
4407
4403
4400
4397
4395
4394
4379
4368
4364
4362
4353
4337
4334
4329
4325
4313
4305
4302
4300
4290
4285
4276
4272
4267
4265
4261
4245
4243
4236
4229
4227
4221
4220
4205
4199
4197
4192
4180
4169
4159
4156
4154
4142
4140
4136
4129
4127
4126
4117
4110
4096
4090
4086
4079
4077
4066
4065
4064
4059
4055
4053
4050
4048
4030
4029
4025
4019
4017
4001
4000
