648
20000
11775
11653
11202
11161
11017
10944
10901
10897
10834
10808
10750
10745
10734
10708
10663
10628
10577
10530
10425
10382
10377
10374
10367
10361
10342
10328
10293
10290
10287
10286
10270
10244
10150
10146
10110
10080
10022
9950
9927
9907
9897
9876
9841
9799
9793
9746
9711
9700
9659
9647
9637
9596
9594
9584
9571
9539
9536
9524
9519
9509
9491
9483
9460
9435
9422
9379
9376
9321
9310
9264
9252
9188
9176
9143
9108
9094
9080
9046
9024
9002
8931
8891
8880
8879
8866
8846
8828
8762
8761
8760
8753
8714
8705
8688
8687
8682
8647
8642
8633
8629
8610
8575
8568
8561
8527
8516
8507
8503
8483
8480
8475
8468
8461
8453
8451
8444
8418
8417
8399
8396
8385
8383
8371
8363
8350
8346
8345
8328
8325
8306
8297
8287
8263
8261
8252
8251
8248
8235
8229
8225
8223
8209
8202
8199
8198
8183
8177
8154
8153
8118
8116
8106
8103
8100
8092
8069
8058
8053
8045
8031
8027
8006
8000
7986
7978
7977
7975
7971
7954
7953
7946
7941
7911
7900
7896
7883
7879
7865
7849
7844
7833
7824
7818
7815
7788
7785
7770
7766
7748
7745
7728
7681
7670
7664
7659
7641
7627
7612
7600
7598
7590
7582
7563
7550
7548
7544
7521
7516
7487
7472
7467
7464
7443
7434
7420
7417
7414
7408
7397
7396
7376
7371
7370
7361
7358
7345
7332
7329
7313
7301
7298
7292
7284
7267
7263
7262
7256
7254
7252
7249
7236
7234
7232
7230
7221
7210
7205
7181
7178
7175
7153
7151
7133
7115
7094
7087
7085
7062
7059
7030
7023
7021
7015
6998
6985
6978
6950
6938
6932
6924
6904
6875
6872
6869
6866
6863
6859
6858
6846
6841
6833
6825
6816
6810
6794
6788
6787
6764
6752
6738
6733
6729
6715
6684
6677
6673
6642
6635
6634
6628
6627
6624
6623
6615
6606
6588
6580
6577
6565
6552
6537
6521
6505
6493
6487
6483
6482
6468
6460
6456
6454
6448
6446
6444
6410
6395
6391
6389
6385
6372
6369
6366
6363
6352
6345
6338
6335
6329
6302
6300
6286
6283
6267
6266
6259
6245
6243
6239
6232
6200
6198
6195
6156
6152
6131
6113
6106
6090
6087
6079
6074
6067
6065
6061
6037
6009
6002
5979
5977
5974
5965
5951
5947
5930
5880
5876
5873
5871
5870
5864
5862
5861
5844
5843
5839
5835
5830
5827
5826
5825
5822
5818
5814
5796
5779
5778
5770
5767
5756
5751
5750
5726
5710
5703
5701
5700
5690
5678
5672
5663
5646
5636
5635
5620
5619
5605
5603
5600
5571
5563
5558
5552
5548
5547
5541
5537
5536
5532
5521
5518
5514
5500
5497
5491
5474
5466
5459
5451
5441
5420
5416
5412
5404
5402
5387
5382
5378
5377
5373
5360
5352
5345
5343
5340
5331
5329
5325
5315
5297
5293
5279
5277
5272
5263
5257
5255
5254
5245
5242
5239
5237
5236
5233
5228
5217
5216
5213
5210
5209
5205
5187
5164
5153
5143
5132
5127
5119
5113
5105
5089
5088
5079
5075
5066
5065
5053
5052
5044
5024
5019
5018
5013
5009
5002
5001
5000
4989
4987
4986
4982
4976
4967
4965
4957
4950
4934
4920
4919
4917
4914
4911
4909
4894
4889
4887
4873
4870
4864
4863
4861
4845
4818
4808
4799
4783
4767
4760
4750
4749
4728
4724
4719
4713
4712
4678
4661
4657
4656
4655
4650
4649
4642
4637
4635
4634
4619
4618
4601
4568
4566
4565
4557
4556
4553
4540
4537
4535
4531
4530
4523
4521
4516
4515
4510
4501
4500
4488
4477
4459
4457
4450
4441
4439
4424
4419
4409
4407
4404
4402
4394
4388
4379
4360
4353
4348
4333
4330
4318
4313
4290
4283
4280
4278
4275
4274
4267
4264
4260
4259
4254
4241
4240
4239
4233
4229
4227
4220
4218
4204
4189
4186
4177
4176
4174
4173
4160
4150
4149
4142
4139
4136
4129
4127
4120
4119
4118
4110
4081
4079
4065
4056
4051
4036
4034
4029
4024
4014
4013
