648
20000
11797
11328
11276
11222
11124
11050
10867
10819
10795
10740
10726
10717
10604
10588
10586
10499
10468
10393
10390
10379
10368
10243
10188
10140
10130
10103
10082
10031
10012
9932
9930
9884
9870
9849
9777
9708
9704
9655
9653
9591
9565
9537
9525
9519
9498
9426
9424
9409
9386
9379
9361
9327
9313
9296
9282
9280
9275
9272
9270
9250
9236
9223
9217
9195
9190
9153
9144
9138
9117
9108
9102
9098
9084
9069
9054
9006
8930
8928
8901
8892
8870
8860
8847
8802
8801
8781
8771
8767
8758
8749
8743
8735
8718
8714
8677
8675
8634
8629
8594
8580
8556
8539
8513
8504
8502
8447
8442
8440
8434
8432
8431
8430
8429
8426
8425
8420
8416
8380
8378
8371
8369
8355
8336
8305
8291
8285
8274
8273
8264
8263
8230
8211
8204
8197
8187
8186
8183
8182
8115
8108
8107
8102
8100
8094
8074
8071
8055
8049
8044
8039
8018
8016
8014
8011
7991
7966
7953
7937
7918
7911
7903
7882
7878
7843
7833
7820
7818
7813
7801
7793
7778
7761
7758
7754
7752
7738
7718
7703
7696
7665
7656
7655
7648
7640
7598
7588
7581
7575
7559
7552
7547
7541
7527
7524
7511
7503
7493
7491
7477
7476
7447
7441
7427
7417
7402
7396
7394
7388
7387
7376
7375
7365
7358
7353
7349
7343
7339
7320
7304
7262
7261
7260
7239
7238
7237
7233
7230
7216
7210
7209
7207
7192
7181
7179
7168
7161
7160
7157
7140
7119
7117
7105
7092
7087
7081
7077
7066
7064
7063
7057
7056
7045
7033
7029
7020
7017
7003
6995
6992
6987
6969
6968
6967
6961
6949
6926
6924
6919
6918
6916
6915
6913
6909
6904
6892
6883
6869
6864
6861
6842
6828
6821
6816
6815
6813
6810
6772
6760
6756
6745
6739
6724
6723
6717
6715
6691
6677
6673
6665
6661
6653
6650
6648
6647
6646
6633
6631
6623
6621
6620
6615
6602
6599
6596
6592
6587
6557
6552
6549
6543
6530
6527
6508
6506
6503
6493
6487
6479
6478
6476
6475
6462
6456
6431
6430
6426
6424
6422
6409
6393
6387
6384
6319
6315
6306
6305
6300
6297
6296
6284
6278
6263
6247
6243
6236
6233
6228
6227
6211
6198
6190
6187
6185
6175
6173
6172
6165
6163
6161
6156
6137
6102
6098
6081
6079
6077
6063
6057
6050
6038
6034
6028
6017
6004
6003
5990
5989
5987
5980
5977
5976
5971
5966
5962
5955
5934
5933
5928
5926
5925
5924
5920
5919
5918
5916
5915
5895
5894
5883
5877
5870
5851
5847
5844
5843
5836
5835
5828
5823
5819
5802
5773
5770
5768
5765
5736
5723
5720
5710
5696
5682
5678
5677
5673
5669
5648
5640
5631
5628
5621
5614
5610
5602
5595
5587
5573
5564
5555
5540
5535
5534
5525
5517
5506
5505
5491
5489
5486
5472
5460
5442
5440
5431
5428
5426
5418
5417
5414
5405
5382
5353
5352
5351
5349
5328
5327
5321
5269
5263
5260
5247
5241
5228
5226
5220
5215
5209
5200
5188
5184
5182
5172
5171
5169
5166
5162
5150
5136
5130
5129
5128
5124
5119
5114
5100
5090
5089
5088
5080
5070
5060
5058
5057
5047
5039
5038
5020
5018
4989
4986
4954
4951
4950
4944
4934
4922
4918
4916
4910
4905
4897
4889
4871
4839
4833
4826
4811
4802
4798
4788
4769
4760
4738
4731
4729
4691
4683
4682
4671
4666
4659
4651
4646
4645
4641
4617
4613
4606
4598
4593
4587
4584
4581
4577
4572
4569
4567
4564
4559
4546
4545
4532
4528
4515
4514
4511
4507
4504
4497
4495
4489
4457
4452
4448
4443
4436
4435
4424
4422
4420
4411
4388
4387
4384
4381
4376
4374
4372
4370
4367
4346
4337
4330
4327
4308
4303
4297
4285
4281
4262
4261
4238
4236
4230
4229
4222
4217
4214
4212
4206
4195
4179
4178
4176
4170
4160
4155
4152
4145
4130
4120
4112
4102
4101
4093
4091
4083
4081
4079
4076
4073
4047
4045
4043
4040
4037
4012
4005
