216
10000
5824
5787
5499
5407
5391
5329
5304
5254
5020
5012
4970
4965
4944
4940
4924
4881
4798
4742
4740
4729
4688
4657
4537
4531
4488
4477
4435
4427
4424
4407
4385
4363
4320
4285
4282
4266
4242
4238
4220
4217
4211
4166
4113
4108
4106
4068
4062
4060
4041
4030
4016
3994
3980
3952
3918
3916
3904
3887
3869
3853
3828
3796
3778
3775
3766
3762
3750
3747
3744
3701
3683
3682
3681
3678
3676
3662
3638
3599
3596
3588
3574
3571
3545
3522
3505
3484
3471
3467
3463
3461
3460
3444
3417
3406
3392
3375
3360
3358
3352
3299
3286
3283
3278
3274
3247
3242
3208
3204
3197
3193
3184
3164
3118
3103
3095
3092
3079
3077
3055
3036
3035
3032
3027
3018
3010
3007
3005
2986
2974
2957
2949
2929
2925
2911
2910
2905
2885
2878
2867
2840
2836
2817
2802
2795
2748
2744
2739
2713
2708
2677
2673
2666
2662
2651
2645
2616
2591
2572
2571
2566
2560
2559
2558
2548
2545
2543
2534
2524
2521
2517
2511
2499
2492
2488
2485
2475
2456
2441
2438
2435
2421
2410
2405
2399
2373
2366
2353
2314
2312
2302
2291
2279
2275
2253
2252
2240
2237
2220
2209
2198
2191
2175
2171
2170
2168
2160
2153
2152
2104
2096
2090
2080
2070
2042
2016
2008
