216
10000
5603
5469
5423
5267
5262
5163
5042
4978
4961
4947
4934
4872
4812
4809
4800
4755
4727
4706
4651
4648
4625
4557
4553
4503
4487
4486
4483
4416
4397
4387
4372
4306
4305
4266
4262
4260
4257
4249
4247
4246
4237
4225
4184
4176
4148
4119
4110
4106
4058
4052
4030
4003
3970
3939
3936
3929
3910
3859
3849
3844
3840
3826
3802
3795
3740
3734
3728
3720
3710
3709
3674
3655
3636
3623
3616
3607
3602
3601
3574
3568
3560
3527
3518
3510
3488
3480
3464
3457
3455
3443
3436
3423
3411
3406
3400
3399
3324
3313
3304
3261
3260
3254
3248
3240
3224
3214
3212
3202
3201
3195
3178
3165
3150
3145
3138
3123
3117
3100
3088
3084
3083
3079
3076
3064
3059
3055
3045
3034
3020
3017
3011
3009
2989
2974
2942
2919
2918
2917
2901
2889
2888
2884
2883
2870
2857
2855
2847
2835
2816
2799
2779
2761
2759
2734
2721
2681
2674
2664
2660
2659
2615
2614
2613
2595
2592
2591
2586
2584
2576
2573
2545
2544
2542
2527
2501
2482
2455
2454
2432
2426
2423
2411
2393
2382
2363
2340
2333
2318
2315
2310
2298
2294
2280
2277
2269
2267
2218
2203
2185
2183
2181
2171
2168
2167
2140
2099
2098
2095
2074
2064
2050
2039
2036
2014
2011
2003
