216
10000
5869
5694
5540
5430
5426
5316
5273
5204
5182
5179
5151
5079
5021
5002
4973
4964
4938
4825
4805
4797
4765
4752
4743
4740
4664
4659
4624
4609
4588
4576
4520
4504
4502
4439
4417
4414
4411
4401
4381
4375
4350
4312
4309
4308
4288
4266
4261
4260
4246
4244
4213
4163
4151
4134
4088
4087
4076
4065
4002
3991
3987
3925
3910
3855
3795
3769
3768
3755
3754
3746
3725
3690
3664
3654
3635
3589
3571
3557
3554
3538
3513
3500
3476
3459
3444
3432
3429
3415
3409
3405
3400
3377
3375
3354
3344
3341
3323
3282
3274
3250
3198
3193
3185
3182
3176
3167
3148
3147
3143
3131
3118
3108
3105
3098
3082
3079
3076
3068
3040
3030
3017
2992
2945
2931
2929
2913
2908
2907
2906
2895
2884
2868
2866
2840
2833
2825
2799
2795
2768
2765
2746
2738
2729
2723
2695
2686
2674
2665
2663
2655
2647
2636
2597
2578
2569
2538
2529
2524
2519
2506
2492
2483
2481
2474
2468
2458
2452
2441
2438
2434
2430
2429
2413
2410
2407
2405
2401
2381
2362
2351
2349
2335
2309
2301
2297
2287
2286
2284
2260
2229
2226
2193
2187
2178
2173
2155
2152
2151
2143
2141
2134
2132
2130
2119
2105
2100
2088
2087
2083
2062
2059
2053
2048
2037
2022
2009
