216
10000
5768
5727
5724
5529
5485
5471
5273
5256
5249
5195
5187
5135
5134
5117
5061
5057
4987
4924
4919
4913
4905
4894
4876
4866
4851
4838
4738
4685
4678
4658
4654
4555
4541
4525
4523
4415
4406
4377
4368
4329
4297
4262
4228
4221
4209
4197
4190
4171
4151
4116
4098
4037
4036
4032
4028
4024
4011
3985
3982
3979
3915
3912
3902
3901
3888
3865
3817
3803
3802
3797
3791
3762
3743
3686
3680
3667
3600
3587
3581
3550
3535
3510
3502
3500
3497
3472
3463
3441
3435
3386
3372
3370
3360
3352
3342
3339
3266
3238
3221
3184
3177
3167
3140
3138
3125
3108
3091
3069
3068
3060
3041
3034
3016
2997
2992
2982
2977
2968
2962
2948
2930
2921
2916
2890
2879
2869
2868
2867
2855
2834
2816
2810
2796
2790
2779
2770
2738
2733
2726
2709
2702
2683
2674
2672
2669
2665
2664
2661
2655
2654
2648
2628
2626
2619
2616
2608
2588
2563
2525
2513
2508
2503
2491
2486
2480
2478
2469
2463
2446
2433
2418
2408
2404
2398
2386
2385
2365
2361
2359
2343
2337
2333
2311
2306
2297
2285
2278
2265
2253
2249
2238
2221
2215
2201
2187
2173
2164
2156
2144
2140
2132
2131
2130
2110
2106
2103
2098
2094
2092
2086
2073
2061
2059
2058
2048
2012
