216
10000
5680
5619
5521
5429
5368
5345
5300
5273
5257
5083
5047
5000
4724
4722
4708
4675
4673
4662
4643
4629
4606
4603
4568
4496
4471
4450
4440
4425
4399
4392
4372
4354
4343
4335
4308
4301
4277
4264
4220
4206
4202
4197
4190
4175
4130
4094
4075
4063
4062
4051
4040
4006
3992
3989
3985
3939
3931
3922
3896
3892
3884
3849
3848
3841
3840
3833
3828
3819
3792
3781
3778
3773
3768
3740
3737
3697
3692
3691
3680
3662
3658
3639
3626
3558
3518
3509
3476
3473
3449
3442
3437
3430
3429
3426
3421
3407
3397
3387
3368
3353
3342
3328
3311
3272
3233
3217
3216
3183
3172
3167
3149
3147
3134
3119
3114
3098
3085
3083
3082
3077
3030
3026
3021
3001
2997
2985
2963
2960
2951
2923
2902
2888
2887
2886
2880
2875
2871
2844
2837
2835
2812
2804
2794
2791
2775
2773
2754
2718
2701
2682
2678
2669
2628
2618
2600
2593
2592
2585
2581
2580
2570
2554
2544
2539
2536
2533
2530
2522
2518
2495
2487
2478
2456
2445
2444
2439
2431
2420
2419
2407
2406
2396
2365
2359
2350
2349
2332
2331
2300
2295
2286
2273
2271
2255
2244
2236
2196
2193
2187
2185
2166
2159
2152
2151
2145
2144
2125
2123
2120
2107
2083
2072
2047
2035
2018
2003
