216
10000
5908
5432
5400
5310
5255
5142
5104
5101
5078
5060
4992
4990
4963
4956
4934
4896
4879
4821
4819
4787
4762
4691
4648
4640
4636
4586
4537
4517
4513
4449
4438
4423
4417
4395
4380
4370
4323
4302
4289
4286
4252
4249
4226
4218
4203
4197
4155
4153
4146
4136
4124
4110
4107
4105
4102
4083
4077
4028
4015
3995
3960
3917
3915
3905
3902
3885
3864
3851
3833
3773
3767
3762
3727
3695
3682
3680
3665
3647
3636
3630
3625
3614
3570
3556
3551
3522
3512
3508
3483
3465
3457
3418
3387
3348
3335
3333
3307
3295
3279
3266
3260
3254
3244
3237
3213
3208
3187
3182
3180
3174
3149
3142
3124
3122
3117
3112
3094
3073
3069
3058
3052
3018
3002
2996
2985
2981
2968
2936
2923
2921
2915
2896
2883
2863
2840
2802
2797
2779
2778
2777
2771
2750
2730
2716
2710
2702
2695
2684
2659
2641
2638
2634
2628
2617
2616
2606
2604
2566
2560
2555
2553
2552
2519
2511
2504
2494
2460
2455
2450
2413
2401
2395
2387
2386
2382
2376
2371
2369
2363
2362
2361
2341
2336
2325
2310
2303
2294
2290
2258
2235
2228
2227
2224
2218
2213
2205
2202
2178
2170
2168
2163
2152
2129
2112
2089
2085
2083
2069
2061
2051
2049
2048
2031
2024
2019
2016
