216
10000
5874
5774
5694
5443
5421
5336
5288
5240
5222
5217
5213
5118
5086
5050
5030
4788
4749
4740
4732
4693
4692
4689
4683
4628
4623
4614
4612
4610
4452
4400
4398
4390
4386
4376
4370
4340
4339
4337
4323
4322
4278
4269
4249
4229
4208
4195
4136
4066
4064
4035
4030
4001
3981
3945
3936
3920
3915
3892
3886
3867
3855
3838
3817
3798
3794
3787
3776
3755
3746
3732
3698
3686
3671
3635
3614
3605
3591
3562
3561
3559
3551
3546
3537
3532
3527
3524
3518
3500
3497
3493
3488
3487
3442
3438
3434
3417
3415
3413
3394
3372
3369
3362
3357
3316
3315
3286
3268
3266
3240
3228
3222
3207
3201
3196
3184
3153
3098
3069
3063
3039
3029
3016
3002
2992
2991
2957
2942
2915
2911
2891
2880
2877
2831
2782
2780
2777
2776
2770
2749
2746
2739
2731
2715
2713
2699
2695
2694
2692
2686
2684
2683
2668
2641
2640
2634
2620
2617
2613
2612
2609
2592
2584
2567
2526
2521
2517
2513
2482
2465
2449
2439
2410
2403
2377
2362
2358
2357
2353
2334
2309
2301
2288
2286
2280
2272
2259
2257
2245
2243
2238
2225
2222
2219
2202
2201
2199
2193
2162
2155
2144
2133
2124
2117
2109
2084
2082
2070
2060
2058
2051
2046
2044
2026
2024
2021
2005
