216
10000
5803
5641
5592
5551
5237
5180
5088
5085
5016
4966
4940
4937
4936
4906
4900
4854
4824
4823
4767
4751
4707
4705
4701
4689
4688
4669
4651
4631
4597
4551
4448
4441
4422
4420
4365
4338
4335
4324
4318
4307
4265
4248
4230
4229
4220
4203
4157
4139
4121
4117
4092
4058
4052
4048
4026
4023
4019
4006
3963
3928
3914
3892
3878
3873
3859
3858
3837
3818
3799
3793
3791
3751
3742
3715
3713
3702
3680
3666
3630
3620
3577
3576
3548
3538
3523
3521
3508
3479
3466
3465
3458
3445
3432
3420
3397
3367
3364
3351
3341
3322
3319
3314
3266
3246
3231
3217
3205
3196
3183
3165
3138
3135
3134
3130
3115
3107
3091
3086
3084
3079
3073
3068
3055
3041
3020
3019
2997
2993
2992
2979
2920
2919
2914
2900
2887
2886
2871
2859
2855
2840
2839
2816
2791
2785
2775
2767
2763
2719
2683
2673
2669
2652
2642
2641
2620
2608
2606
2545
2540
2520
2519
2518
2471
2468
2457
2417
2413
2410
2381
2375
2370
2359
2326
2325
2315
2301
2294
2290
2286
2275
2271
2262
2259
2256
2254
2248
2244
2233
2224
2221
2220
2207
2205
2196
2159
2156
2150
2147
2141
2127
2118
2117
2114
2111
2105
2101
2096
2090
2070
2063
2050
2047
2045
2042
2015
2006
