216
10000
5621
5567
5493
5474
5410
5328
5326
5252
5214
5147
5144
5126
5117
5113
5111
5088
4973
4904
4892
4881
4822
4807
4798
4781
4707
4689
4681
4631
4599
4550
4525
4507
4498
4486
4441
4397
4335
4333
4259
4201
4188
4123
4105
4048
4025
4010
4000
3978
3964
3952
3938
3936
3922
3912
3906
3903
3828
3824
3812
3808
3801
3787
3780
3775
3760
3744
3730
3666
3664
3652
3626
3617
3614
3603
3602
3577
3575
3563
3551
3542
3532
3527
3490
3475
3470
3464
3457
3449
3447
3444
3417
3413
3400
3398
3394
3390
3357
3343
3327
3301
3288
3281
3267
3254
3245
3241
3236
3187
3182
3179
3172
3167
3163
3161
3136
3134
3133
3130
3125
3123
3108
3089
3085
3055
3047
3007
2989
2987
2962
2944
2912
2876
2869
2840
2827
2823
2821
2813
2799
2794
2754
2751
2703
2693
2683
2675
2656
2651
2647
2635
2627
2606
2592
2580
2563
2555
2538
2536
2532
2531
2526
2512
2511
2469
2466
2463
2461
2456
2454
2443
2438
2436
2424
2420
2417
2415
2414
2413
2407
2406
2402
2397
2391
2389
2357
2334
2327
2324
2323
2277
2274
2270
2266
2261
2260
2257
2254
2244
2238
2218
2199
2195
2191
2185
2184
2172
2168
2135
2127
2109
2077
2070
2032
2020
2018
2011
