216
10000
5348
5169
5100
5096
5063
5022
4974
4951
4857
4849
4816
4719
4717
4649
4644
4620
4610
4605
4592
4574
4523
4483
4458
4457
4410
4398
4367
4356
4347
4344
4279
4278
4271
4239
4215
4212
4198
4178
4174
4170
4161
4097
4093
4003
4000
3995
3990
3985
3972
3961
3940
3936
3933
3920
3917
3875
3820
3816
3811
3806
3797
3790
3785
3782
3781
3740
3735
3733
3729
3715
3690
3684
3674
3672
3648
3639
3634
3626
3625
3616
3606
3605
3587
3575
3562
3553
3548
3543
3519
3512
3509
3487
3478
3440
3419
3418
3388
3379
3378
3361
3358
3357
3353
3334
3298
3296
3288
3285
3275
3269
3268
3264
3256
3255
3234
3216
3211
3182
3150
3137
3123
3117
3104
3101
3093
3062
3030
2995
2977
2958
2949
2946
2935
2932
2931
2925
2911
2894
2888
2882
2865
2857
2844
2839
2816
2804
2798
2794
2792
2774
2770
2769
2759
2758
2756
2723
2718
2698
2692
2673
2670
2647
2637
2631
2622
2621
2615
2614
2610
2607
2606
2593
2585
2582
2577
2576
2542
2537
2513
2511
2509
2479
2450
2442
2441
2440
2421
2398
2395
2380
2371
2358
2338
2331
2325
2318
2304
2299
2286
2233
2216
2210
2202
2194
2133
2123
2096
2095
2090
2080
2071
2067
2058
2037
2028
2023
