216
10000
5898
5614
5581
5479
5387
5380
5315
5157
5101
5092
5076
4975
4958
4916
4892
4843
4817
4774
4769
4743
4623
4598
4566
4553
4506
4504
4490
4489
4477
4447
4361
4351
4343
4318
4300
4294
4279
4172
4147
4142
4134
4133
4129
4088
4086
4076
4025
4015
4004
3996
3994
3981
3973
3947
3939
3929
3922
3920
3903
3871
3865
3863
3855
3849
3844
3839
3832
3795
3787
3783
3782
3754
3752
3747
3695
3682
3670
3663
3643
3639
3632
3614
3591
3583
3575
3515
3465
3461
3458
3451
3436
3435
3424
3411
3390
3385
3375
3372
3365
3364
3352
3344
3327
3304
3290
3265
3264
3238
3235
3224
3219
3172
3169
3126
3122
3121
3118
3112
3096
3082
3076
3070
3053
3049
3048
3037
3035
3034
2956
2937
2929
2924
2910
2907
2906
2886
2865
2841
2832
2803
2798
2785
2782
2781
2771
2766
2765
2735
2732
2707
2700
2686
2678
2677
2645
2635
2624
2620
2614
2607
2603
2593
2584
2569
2564
2554
2538
2529
2517
2514
2484
2422
2412
2373
2342
2326
2324
2323
2312
2303
2301
2281
2274
2271
2270
2264
2259
2241
2235
2222
2219
2204
2203
2201
2197
2192
2183
2182
2177
2175
2157
2156
2147
2145
2133
2117
2084
2082
2076
2075
2067
2061
2049
2045
2027
2023
