216
10000
5601
5571
5254
5179
5111
5096
5017
5013
4956
4908
4893
4824
4800
4774
4741
4715
4694
4681
4634
4552
4547
4504
4481
4479
4473
4470
4449
4440
4412
4345
4335
4320
4313
4300
4291
4289
4212
4193
4170
4164
4151
4146
4140
4135
4111
4092
4073
4061
4042
4039
3996
3982
3978
3974
3947
3936
3901
3890
3851
3810
3808
3804
3802
3788
3785
3763
3752
3751
3750
3743
3727
3726
3714
3711
3699
3696
3681
3667
3648
3637
3575
3561
3542
3541
3538
3533
3528
3523
3521
3508
3498
3465
3458
3443
3427
3413
3404
3376
3354
3348
3345
3337
3314
3302
3295
3229
3228
3226
3206
3186
3181
3165
3158
3120
3111
3106
3103
3102
3101
3087
3082
3078
3073
3029
2997
2963
2948
2944
2920
2919
2916
2903
2878
2876
2874
2873
2858
2855
2849
2838
2836
2826
2808
2806
2789
2783
2778
2775
2762
2755
2750
2732
2723
2707
2706
2699
2696
2668
2658
2657
2645
2630
2626
2618
2614
2613
2598
2577
2574
2568
2550
2535
2530
2517
2513
2512
2471
2462
2460
2445
2441
2407
2405
2384
2376
2374
2370
2367
2357
2347
2331
2309
2308
2307
2294
2291
2289
2286
2281
2269
2260
2252
2246
2178
2166
2148
2145
2124
2115
2110
2074
2071
2053
2021
2020
2013
