216
10000
5790
5694
5471
5403
5344
5310
5269
5194
5155
5132
5011
5002
5001
4944
4894
4826
4817
4789
4786
4730
4721
4705
4620
4567
4526
4525
4523
4514
4461
4425
4394
4351
4341
4272
4235
4233
4229
4224
4219
4192
4184
4181
4159
4142
4129
4098
4064
4053
4029
4012
4005
3997
3984
3937
3910
3898
3890
3819
3805
3801
3790
3767
3766
3759
3756
3729
3722
3703
3700
3696
3660
3651
3645
3640
3617
3606
3598
3597
3596
3582
3575
3552
3548
3545
3493
3491
3489
3451
3440
3438
3414
3411
3402
3389
3387
3364
3355
3351
3343
3342
3312
3306
3305
3279
3263
3260
3247
3232
3217
3208
3166
3157
3151
3147
3146
3131
3098
3087
3083
3074
3057
3050
3049
2990
2976
2963
2955
2952
2949
2947
2944
2936
2928
2901
2894
2893
2892
2890
2865
2857
2856
2855
2845
2833
2803
2800
2798
2797
2769
2751
2709
2705
2704
2682
2661
2659
2640
2628
2594
2587
2581
2553
2547
2534
2525
2518
2516
2501
2497
2475
2471
2470
2462
2455
2430
2422
2420
2418
2415
2380
2374
2356
2352
2351
2338
2320
2316
2308
2307
2306
2305
2300
2294
2276
2275
2269
2254
2236
2221
2215
2204
2185
2184
2179
2173
2156
2153
2122
2114
2079
2063
2037
2031
2012
2010
2006
