216
10000
5726
5641
5380
5323
5248
5158
5034
4984
4953
4938
4759
4752
4741
4679
4672
4655
4625
4601
4570
4523
4522
4492
4438
4432
4418
4414
4394
4370
4369
4363
4336
4335
4298
4293
4292
4264
4244
4220
4208
4139
4108
4106
4092
4078
4076
4048
4047
4041
3955
3953
3934
3930
3926
3923
3894
3893
3890
3879
3873
3872
3849
3792
3787
3786
3781
3779
3745
3730
3707
3691
3672
3660
3633
3621
3619
3614
3607
3590
3572
3567
3559
3544
3538
3517
3496
3491
3480
3460
3459
3458
3455
3444
3438
3419
3414
3413
3404
3396
3388
3375
3368
3350
3341
3332
3319
3317
3297
3261
3230
3216
3201
3182
3172
3170
3168
3158
3139
3138
3125
3108
3086
3074
3070
3056
3024
3023
3012
2999
2988
2972
2963
2959
2941
2934
2926
2911
2908
2903
2902
2901
2897
2890
2887
2885
2884
2875
2873
2867
2845
2817
2803
2784
2776
2761
2752
2723
2722
2714
2711
2693
2691
2672
2665
2652
2605
2592
2582
2578
2564
2544
2540
2522
2508
2505
2497
2489
2483
2474
2467
2463
2444
2436
2434
2431
2397
2356
2348
2346
2345
2339
2336
2320
2298
2289
2269
2261
2260
2258
2247
2234
2218
2180
2176
2169
2162
2146
2127
2118
2106
2101
2088
2039
2030
2016
2005
2004
