216
10000
5538
5373
5364
5254
5173
5104
4994
4922
4905
4891
4875
4859
4857
4818
4777
4676
4578
4565
4524
4500
4433
4430
4426
4401
4372
4360
4297
4296
4295
4282
4273
4272
4271
4263
4223
4217
4211
4186
4169
4161
4152
4109
4064
4063
4062
4059
4026
4022
4004
3981
3978
3953
3945
3942
3941
3907
3906
3897
3886
3853
3851
3849
3832
3824
3800
3781
3777
3755
3745
3743
3735
3732
3720
3715
3697
3679
3657
3654
3652
3642
3630
3624
3611
3600
3578
3565
3555
3553
3531
3492
3481
3468
3460
3418
3415
3412
3407
3399
3391
3374
3364
3339
3333
3323
3300
3282
3259
3255
3253
3246
3245
3221
3194
3168
3167
3127
3111
3109
3105
3103
3101
3092
3077
3068
3061
3039
3029
3022
3013
2992
2990
2977
2975
2973
2970
2958
2955
2952
2948
2941
2869
2858
2852
2851
2816
2810
2794
2786
2773
2771
2769
2760
2752
2748
2737
2716
2705
2700
2696
2677
2670
2653
2648
2647
2644
2635
2626
2624
2619
2593
2584
2567
2538
2535
2529
2503
2499
2494
2481
2475
2474
2460
2452
2443
2430
2398
2395
2365
2346
2302
2279
2267
2224
2223
2219
2206
2195
2194
2163
2154
2153
2149
2128
2126
2123
2116
2075
2074
2070
2052
2049
2048
2033
2016
2011
2008
