216
10000
5813
5737
5669
5635
5628
5556
5263
5223
5118
4993
4984
4976
4931
4904
4862
4852
4806
4794
4783
4736
4730
4669
4619
4534
4508
4496
4477
4465
4423
4414
4402
4401
4376
4362
4342
4291
4250
4211
4206
4188
4175
4138
4097
4043
4042
4017
4005
4001
3991
3987
3986
3938
3930
3902
3899
3872
3869
3866
3858
3817
3812
3809
3786
3785
3775
3731
3718
3701
3690
3679
3676
3667
3660
3657
3646
3645
3629
3627
3625
3606
3598
3591
3582
3576
3571
3560
3553
3549
3547
3545
3538
3525
3498
3479
3463
3462
3432
3430
3424
3414
3410
3386
3362
3361
3360
3326
3314
3289
3285
3280
3252
3248
3232
3228
3207
3202
3195
3192
3158
3149
3140
3068
3044
3012
2986
2981
2977
2963
2941
2940
2923
2906
2894
2880
2876
2859
2844
2837
2830
2818
2813
2812
2802
2793
2772
2767
2750
2725
2700
2656
2653
2648
2639
2635
2632
2618
2617
2611
2610
2588
2577
2537
2532
2527
2495
2494
2477
2474
2455
2452
2426
2420
2418
2413
2408
2403
2399
2396
2392
2368
2358
2329
2328
2311
2309
2295
2292
2291
2283
2279
2276
2232
2217
2195
2156
2148
2133
2125
2115
2113
2104
2096
2091
2086
2074
2070
2051
2049
2048
2047
2042
2031
2026
2014
2004
2002
