216
10000
5970
5782
5754
5748
5486
5435
5364
5300
5263
5258
5176
5014
4964
4922
4891
4835
4826
4765
4748
4747
4741
4692
4686
4675
4653
4648
4647
4538
4512
4458
4361
4320
4317
4315
4299
4248
4238
4186
4138
4133
4104
4099
4098
4091
4090
4045
4029
4011
4005
3996
3986
3982
3981
3958
3928
3924
3917
3872
3870
3864
3863
3854
3834
3831
3827
3809
3797
3791
3774
3762
3729
3717
3713
3677
3663
3643
3634
3621
3610
3609
3606
3598
3594
3578
3569
3566
3546
3524
3516
3513
3511
3506
3504
3474
3465
3456
3448
3440
3425
3408
3361
3347
3335
3307
3291
3223
3222
3209
3182
3179
3168
3166
3143
3127
3125
3111
3101
3099
3085
3084
3083
3076
3054
3048
3043
3034
3016
3008
3000
2999
2941
2920
2910
2897
2886
2885
2870
2868
2860
2847
2798
2781
2770
2766
2761
2753
2751
2736
2732
2709
2688
2681
2678
2660
2628
2602
2568
2564
2559
2544
2537
2503
2501
2498
2471
2462
2457
2456
2422
2413
2406
2405
2395
2362
2337
2336
2332
2325
2322
2315
2312
2303
2302
2294
2282
2262
2247
2244
2227
2223
2193
2181
2178
2165
2161
2150
2142
2137
2134
2127
2126
2119
2109
2071
2068
2054
2037
2031
2029
2026
2023
2022
2008
2007
2003
2001
