216
10000
5827
5659
5615
5542
5536
5383
5260
5196
5145
5121
4931
4916
4909
4902
4898
4820
4723
4687
4659
4654
4650
4577
4543
4525
4511
4493
4475
4472
4469
4458
4453
4447
4379
4377
4376
4375
4354
4316
4283
4219
4195
4178
4128
4115
4061
4053
4047
4002
3997
3982
3960
3946
3925
3917
3909
3859
3844
3839
3791
3772
3765
3755
3747
3746
3723
3714
3710
3707
3691
3682
3637
3606
3603
3596
3591
3579
3550
3548
3507
3486
3484
3475
3470
3461
3457
3422
3414
3406
3388
3387
3378
3372
3336
3332
3330
3320
3299
3298
3287
3285
3272
3263
3256
3247
3241
3219
3207
3204
3202
3201
3196
3194
3180
3157
3138
3123
3119
3113
3089
3087
3073
3067
3055
3039
3016
2997
2993
2987
2977
2975
2961
2950
2925
2915
2908
2887
2876
2856
2849
2838
2829
2823
2822
2821
2804
2800
2785
2781
2769
2757
2756
2755
2753
2751
2738
2732
2725
2708
2706
2687
2684
2640
2637
2614
2613
2597
2586
2574
2565
2547
2532
2527
2520
2514
2508
2507
2506
2489
2472
2464
2463
2458
2455
2426
2424
2409
2337
2322
2315
2287
2265
2250
2247
2241
2239
2237
2230
2191
2175
2170
2167
2159
2152
2148
2131
2123
2114
2111
2094
2082
2056
2049
2016
2005
2003
2000
