216
10000
5605
5494
5424
5371
5293
5222
5198
5182
5180
5104
5068
5047
5036
5018
5017
4931
4903
4901
4873
4866
4737
4710
4675
4635
4602
4586
4582
4545
4534
4515
4435
4412
4409
4408
4389
4388
4353
4352
4339
4335
4330
4300
4269
4232
4172
4169
4166
4153
4144
4118
4071
4060
4044
4020
4005
3991
3988
3955
3950
3936
3933
3888
3847
3840
3822
3795
3751
3749
3729
3718
3716
3711
3704
3703
3684
3679
3675
3654
3587
3550
3532
3524
3517
3508
3455
3450
3443
3442
3424
3410
3393
3385
3380
3378
3376
3361
3347
3292
3272
3271
3261
3227
3220
3184
3179
3174
3169
3159
3145
3143
3121
3101
3089
3088
3066
3059
3045
3043
3026
3008
3001
2991
2981
2974
2963
2919
2889
2878
2869
2860
2845
2834
2832
2805
2801
2781
2780
2778
2772
2770
2768
2736
2721
2706
2697
2686
2666
2655
2637
2634
2629
2619
2617
2614
2608
2607
2604
2597
2596
2581
2568
2567
2564
2560
2540
2530
2504
2503
2502
2501
2500
2497
2495
2492
2480
2477
2472
2436
2414
2412
2396
2391
2388
2369
2364
2348
2327
2301
2289
2287
2285
2255
2252
2236
2235
2234
2230
2228
2218
2217
2212
2192
2180
2159
2150
2147
2140
2130
2107
2096
2056
2043
2040
2028
2004
2002
