216
10000
5725
5458
5415
5346
5141
5130
5085
5023
4988
4958
4880
4863
4726
4689
4655
4654
4593
4585
4563
4549
4513
4507
4456
4440
4376
4362
4343
4302
4301
4281
4272
4247
4241
4227
4225
4218
4197
4193
4180
4135
4071
4048
4045
4012
4011
4005
3974
3972
3948
3946
3945
3944
3935
3923
3920
3919
3856
3843
3838
3820
3811
3809
3791
3775
3772
3768
3757
3739
3725
3723
3716
3704
3685
3684
3680
3679
3638
3631
3623
3595
3577
3576
3573
3545
3510
3499
3493
3489
3478
3476
3472
3441
3428
3415
3408
3382
3381
3380
3359
3357
3353
3324
3314
3306
3254
3253
3222
3211
3207
3200
3196
3192
3166
3135
3131
3126
3125
3123
3119
3112
3106
3105
3096
3092
3091
3084
3066
3059
3055
3043
3028
3025
3018
2999
2991
2990
2977
2955
2946
2941
2935
2905
2865
2853
2848
2835
2830
2827
2817
2810
2806
2803
2782
2771
2741
2736
2731
2711
2708
2702
2690
2687
2681
2666
2644
2608
2603
2598
2592
2568
2567
2553
2552
2542
2537
2533
2519
2515
2489
2450
2439
2437
2424
2416
2396
2378
2333
2311
2308
2304
2301
2292
2291
2269
2252
2247
2241
2234
2230
2223
2221
2196
2179
2168
2159
2130
2116
2112
2096
2092
2084
2057
2048
2046
2043
2020
