216
10000
5664
5659
5628
5592
5483
5446
5416
5323
5251
5145
5085
5015
5006
4980
4892
4879
4770
4689
4675
4672
4475
4445
4431
4429
4396
4395
4366
4351
4334
4318
4314
4291
4290
4255
4223
4222
4208
4205
4157
4136
4135
4076
4064
4044
4038
4035
4032
4026
4024
4023
3998
3991
3990
3987
3967
3964
3956
3949
3927
3892
3881
3874
3838
3837
3823
3814
3808
3797
3795
3792
3750
3725
3724
3721
3689
3668
3661
3647
3643
3622
3618
3612
3601
3599
3573
3568
3563
3561
3520
3494
3479
3466
3425
3416
3401
3399
3398
3388
3355
3343
3337
3314
3311
3306
3306
3289
3285
3274
3272
3264
3257
3227
3214
3191
3165
3156
3123
3122
3110
3103
3064
3049
3039
3026
2997
2975
2963
2956
2951
2942
2926
2907
2893
2877
2874
2866
2853
2852
2849
2841
2839
2831
2822
2820
2817
2810
2770
2756
2742
2727
2724
2710
2690
2681
2668
2667
2635
2629
2625
2599
2587
2584
2580
2574
2561
2551
2528
2522
2516
2488
2487
2481
2480
2452
2442
2439
2437
2412
2397
2377
2370
2359
2329
2314
2290
2281
2280
2255
2249
2235
2233
2218
2213
2197
2174
2165
2154
2152
2146
2139
2128
2126
2121
2108
2103
2101
2069
2068
2038
2029
2016
2012
2011
2008
2006
2003
