216
10000
5606
5563
5556
5452
5423
5394
5363
5305
5290
5280
5246
5240
5148
5015
4992
4954
4935
4870
4856
4827
4783
4747
4745
4724
4672
4670
4665
4628
4594
4584
4583
4546
4536
4465
4432
4430
4341
4286
4244
4225
4200
4171
4170
4144
4114
4085
4053
4041
4029
4024
4018
4008
3992
3955
3952
3929
3890
3885
3860
3830
3822
3790
3754
3738
3726
3700
3672
3658
3637
3636
3633
3604
3597
3595
3571
3544
3532
3529
3528
3515
3500
3498
3497
3490
3468
3463
3446
3423
3416
3405
3391
3389
3383
3380
3379
3362
3324
3309
3307
3303
3289
3288
3279
3270
3269
3242
3229
3226
3223
3221
3218
3215
3199
3173
3144
3133
3129
3116
3105
3100
3082
3067
3035
3034
3013
3008
3005
3004
2993
2990
2978
2936
2934
2905
2871
2831
2828
2797
2787
2756
2751
2749
2748
2743
2740
2715
2703
2695
2687
2668
2664
2660
2649
2642
2635
2634
2625
2623
2601
2591
2569
2556
2532
2526
2520
2512
2511
2496
2475
2464
2443
2435
2433
2419
2393
2392
2386
2379
2362
2355
2354
2335
2333
2322
2306
2282
2281
2280
2276
2254
2246
2219
2202
2198
2188
2185
2180
2179
2171
2157
2131
2111
2088
2086
2081
2073
2059
2058
2056
2055
2053
2045
2034
2021
2018
2001
