216
10000
5843
5776
5740
5602
5475
5395
5360
5290
5264
5262
5257
5225
5223
5202
5198
5079
5056
4996
4983
4890
4873
4870
4865
4843
4842
4830
4774
4766
4697
4694
4623
4588
4574
4477
4436
4434
4423
4412
4402
4382
4278
4255
4208
4194
4192
4187
4127
4111
4056
4018
3997
3992
3984
3977
3963
3924
3904
3898
3877
3837
3795
3788
3783
3782
3771
3766
3765
3735
3697
3644
3618
3614
3611
3593
3580
3562
3537
3520
3514
3507
3507
3501
3499
3484
3482
3438
3427
3413
3377
3364
3353
3352
3338
3298
3286
3269
3262
3261
3254
3249
3246
3239
3235
3223
3207
3197
3171
3169
3153
3149
3133
3127
3115
3106
3085
3081
3077
3049
3037
3035
3034
3027
3021
3009
2986
2972
2969
2891
2862
2860
2859
2838
2815
2806
2802
2796
2793
2774
2742
2733
2698
2691
2687
2683
2682
2658
2657
2653
2643
2641
2639
2609
2595
2576
2566
2547
2539
2528
2521
2512
2510
2509
2499
2497
2496
2475
2469
2458
2441
2440
2432
2420
2402
2397
2395
2393
2392
2377
2360
2356
2319
2317
2315
2308
2307
2288
2276
2273
2263
2252
2246
2219
2210
2202
2200
2188
2164
2161
2154
2145
2143
2134
2128
2110
2104
2094
2081
2076
2070
2064
2058
2057
2045
2029
2024
2014
