216
10000
5815
5798
5625
5534
5500
5291
5165
5160
5126
5050
5048
5047
4969
4937
4905
4879
4858
4855
4831
4809
4775
4766
4729
4686
4675
4650
4648
4646
4578
4510
4509
4505
4479
4457
4451
4442
4424
4396
4391
4390
4344
4305
4269
4264
4249
4244
4215
4208
4200
4141
4077
4060
4034
3999
3961
3954
3950
3916
3913
3898
3889
3886
3872
3863
3841
3820
3813
3812
3790
3756
3745
3729
3727
3685
3682
3658
3649
3646
3642
3605
3601
3574
3494
3485
3457
3441
3399
3376
3367
3360
3350
3342
3337
3334
3311
3298
3288
3270
3239
3212
3195
3194
3189
3175
3171
3147
3142
3136
3129
3128
3119
3118
3111
3092
3081
3074
3061
3060
3053
3047
3031
3027
3023
3009
3008
2984
2960
2942
2940
2932
2924
2911
2899
2879
2868
2863
2852
2843
2818
2816
2802
2799
2767
2765
2750
2747
2738
2710
2708
2696
2685
2673
2652
2633
2589
2585
2557
2549
2539
2536
2531
2506
2491
2490
2486
2482
2477
2463
2462
2459
2458
2450
2445
2438
2430
2429
2414
2411
2375
2334
2301
2291
2282
2272
2263
2246
2239
2238
2221
2213
2208
2180
2177
2167
2156
2155
2153
2151
2142
2132
2127
2119
2110
2107
2099
2098
2092
2084
2073
2066
2065
2051
2038
2030
2023
2014
