216
10000
5714
5541
5433
5367
5255
5165
5150
5049
5024
4970
4955
4922
4861
4817
4745
4723
4697
4666
4635
4629
4599
4542
4485
4466
4433
4420
4405
4374
4367
4346
4334
4327
4321
4317
4305
4259
4245
4234
4212
4208
4199
4192
4187
4180
4127
4113
4096
4094
4093
4078
4027
4009
4004
3998
3994
3978
3969
3943
3931
3930
3927
3898
3875
3858
3853
3841
3837
3810
3782
3768
3764
3759
3738
3725
3720
3710
3654
3632
3610
3608
3603
3571
3549
3499
3478
3465
3441
3431
3421
3397
3386
3377
3374
3344
3324
3321
3295
3284
3246
3244
3233
3230
3228
3218
3196
3129
3126
3122
3110
3104
3102
3092
3091
3087
3082
3080
3073
3061
3057
3029
3028
3023
3015
3012
3007
2999
2998
2987
2983
2966
2963
2959
2957
2953
2948
2946
2931
2918
2917
2903
2897
2896
2893
2882
2870
2855
2828
2813
2811
2796
2791
2787
2784
2752
2729
2716
2687
2679
2678
2674
2672
2671
2662
2660
2650
2574
2554
2544
2528
2526
2524
2518
2508
2498
2487
2477
2450
2448
2443
2442
2421
2403
2395
2387
2385
2371
2351
2347
2326
2324
2314
2309
2306
2290
2280
2226
2194
2193
2191
2176
2167
2143
2141
2138
2123
2099
2095
2085
2063
2049
2041
2024
2015
2013
2011
2009
