216
10000
5644
5632
5572
5561
5526
5488
5475
5384
5356
5288
5202
5125
5046
5044
5026
4992
4985
4931
4918
4893
4814
4794
4778
4767
4705
4686
4653
4639
4625
4594
4581
4566
4560
4552
4545
4474
4472
4455
4436
4432
4422
4409
4357
4354
4345
4335
4315
4312
4311
4285
4250
4246
4126
4123
4120
4117
4109
4041
4036
4029
3993
3990
3900
3884
3871
3824
3820
3818
3716
3712
3699
3697
3684
3673
3642
3571
3565
3547
3542
3529
3528
3517
3497
3476
3455
3433
3414
3409
3407
3399
3377
3373
3369
3363
3357
3355
3351
3330
3328
3224
3223
3205
3179
3159
3133
3103
3063
3057
3053
3052
3047
3035
3021
3002
3000
2977
2973
2955
2950
2946
2943
2920
2891
2882
2876
2875
2873
2867
2851
2848
2846
2835
2833
2822
2818
2813
2811
2810
2777
2772
2765
2752
2723
2713
2685
2659
2627
2623
2606
2602
2599
2595
2591
2563
2552
2545
2529
2510
2494
2469
2461
2445
2434
2423
2419
2404
2399
2394
2386
2368
2366
2363
2358
2351
2349
2337
2334
2330
2312
2298
2282
2278
2274
2260
2256
2250
2249
2243
2242
2239
2216
2214
2192
2191
2190
2187
2178
2172
2149
2144
2134
2132
2124
2123
2117
2113
2094
2083
2075
2065
2064
2056
2039
2026
2021
2002
