216
10000
5856
5679
5666
5612
5592
5538
5493
5302
5229
5195
5169
5084
5058
5036
4993
4945
4848
4840
4837
4813
4769
4724
4609
4536
4478
4472
4468
4409
4401
4380
4339
4241
4214
4181
4179
4119
4112
4071
4055
4051
4042
4017
4010
3996
3968
3958
3957
3941
3925
3910
3884
3870
3867
3845
3844
3802
3778
3772
3757
3755
3752
3746
3745
3741
3740
3738
3737
3726
3720
3719
3711
3710
3708
3628
3625
3619
3614
3601
3598
3589
3583
3577
3541
3527
3525
3519
3512
3505
3485
3449
3439
3428
3426
3410
3400
3396
3358
3357
3328
3326
3323
3315
3300
3285
3271
3266
3255
3249
3244
3230
3227
3217
3199
3197
3193
3184
3176
3155
3133
3131
3128
3117
3114
3100
3079
3067
3060
3045
3016
2988
2942
2932
2925
2906
2893
2887
2886
2883
2859
2857
2837
2833
2832
2829
2804
2799
2783
2774
2767
2750
2742
2717
2702
2701
2691
2690
2680
2645
2632
2627
2604
2566
2549
2544
2514
2505
2504
2503
2502
2500
2493
2491
2477
2472
2438
2436
2409
2369
2352
2349
2333
2325
2306
2304
2301
2300
2295
2285
2284
2283
2278
2277
2274
2267
2248
2243
2227
2222
2188
2184
2180
2154
2144
2137
2121
2114
2113
2107
2105
2096
2084
2065
2056
2048
2038
2019
