216
10000
5716
5665
5664
5603
5597
5566
5560
5555
5495
5409
5396
5318
5312
5244
5213
5082
5042
5020
5018
4998
4971
4934
4881
4798
4767
4752
4738
4662
4581
4541
4465
4436
4402
4327
4317
4314
4286
4279
4277
4254
4232
4228
4203
4195
4187
4186
4158
4058
4056
4050
3994
3984
3978
3947
3946
3945
3928
3899
3898
3790
3761
3758
3728
3704
3682
3657
3650
3640
3634
3633
3631
3626
3602
3600
3584
3558
3557
3551
3543
3519
3512
3501
3492
3486
3483
3482
3480
3468
3460
3447
3435
3400
3398
3380
3375
3354
3351
3334
3315
3313
3312
3306
3291
3290
3267
3260
3212
3204
3197
3182
3165
3141
3131
3128
3114
3083
3078
3052
3031
3018
3002
2990
2961
2937
2932
2925
2871
2860
2849
2834
2817
2816
2815
2811
2799
2795
2783
2767
2764
2753
2741
2719
2714
2713
2712
2693
2681
2680
2672
2657
2632
2623
2587
2568
2563
2552
2546
2543
2538
2537
2521
2487
2479
2464
2463
2460
2458
2443
2438
2423
2416
2414
2413
2412
2408
2404
2386
2382
2368
2329
2321
2317
2296
2289
2269
2265
2256
2232
2212
2205
2202
2199
2198
2192
2187
2184
2180
2169
2165
2164
2149
2125
2123
2122
2119
2101
2096
2089
2085
2080
2076
2052
2047
2024
2015
2012
