216
10000
5848
5627
5586
5574
5554
5529
5489
5470
5403
5377
5337
5300
5285
5264
5147
5105
5097
5079
5031
5017
4973
4892
4872
4854
4849
4812
4794
4793
4776
4762
4729
4627
4598
4585
4581
4526
4521
4504
4488
4419
4358
4357
4343
4339
4334
4317
4261
4260
4228
4218
4209
4196
4159
4148
4140
4137
4133
4046
3996
3956
3919
3896
3852
3831
3728
3724
3713
3712
3701
3678
3668
3664
3652
3637
3633
3622
3613
3612
3601
3576
3571
3567
3544
3520
3508
3480
3475
3465
3460
3454
3420
3408
3380
3374
3360
3344
3291
3278
3275
3237
3222
3214
3200
3198
3178
3166
3164
3146
3124
3100
3062
3028
3019
2994
2978
2969
2917
2903
2892
2881
2851
2845
2841
2836
2833
2828
2826
2817
2816
2813
2812
2776
2761
2760
2751
2720
2705
2679
2665
2654
2644
2634
2626
2615
2599
2594
2589
2588
2585
2559
2544
2540
2535
2515
2507
2492
2487
2484
2480
2468
2448
2441
2417
2414
2410
2409
2405
2392
2387
2383
2375
2368
2357
2354
2352
2336
2335
2324
2318
2306
2303
2263
2254
2252
2251
2243
2221
2220
2219
2201
2193
2186
2173
2162
2139
2128
2122
2120
2116
2110
2091
2088
2086
2083
2079
2066
2064
2062
2061
2057
2055
2036
2031
2029
2019
2005
