216
10000
5952
5479
5452
5375
5259
5254
5168
5155
4982
4973
4966
4965
4960
4934
4924
4901
4872
4834
4826
4821
4817
4810
4804
4761
4703
4668
4649
4644
4642
4587
4568
4522
4512
4467
4454
4425
4400
4383
4330
4319
4257
4239
4192
4185
4170
4102
4098
4057
4044
4023
3984
3974
3972
3946
3940
3935
3914
3912
3874
3863
3850
3831
3818
3805
3803
3802
3780
3768
3762
3743
3706
3705
3689
3668
3641
3621
3620
3603
3597
3592
3577
3531
3497
3496
3491
3489
3473
3455
3450
3445
3393
3385
3374
3359
3353
3352
3329
3294
3282
3278
3277
3258
3257
3204
3193
3190
3173
3161
3151
3123
3120
3110
3102
3079
3078
3072
3059
3055
3053
3051
3049
3037
3036
3034
3017
3015
2996
2993
2987
2980
2963
2962
2923
2918
2915
2900
2869
2864
2846
2836
2830
2802
2798
2797
2787
2783
2767
2759
2756
2753
2718
2714
2712
2698
2680
2658
2624
2611
2600
2599
2597
2573
2572
2570
2566
2531
2523
2515
2498
2487
2470
2465
2445
2444
2419
2410
2402
2381
2375
2360
2334
2316
2311
2310
2309
2288
2278
2224
2217
2210
2205
2185
2166
2151
2149
2148
2138
2137
2128
2127
2104
2103
2102
2080
2078
2073
2048
2041
2034
2030
2028
2027
2025
2018
2014
2004
