216
10000
5784
5585
5558
5462
5403
5373
5372
5308
5159
5149
5048
5025
4957
4928
4912
4910
4897
4794
4786
4778
4647
4614
4557
4510
4463
4411
4379
4376
4363
4321
4320
4309
4287
4275
4273
4263
4242
4213
4187
4181
4176
4146
4135
4128
4089
4086
4080
4074
4054
4048
4039
3998
3965
3952
3946
3923
3913
3865
3840
3823
3806
3805
3798
3766
3759
3727
3720
3713
3709
3708
3702
3698
3695
3678
3674
3672
3657
3652
3633
3625
3622
3601
3595
3558
3549
3548
3544
3539
3532
3472
3453
3437
3434
3433
3394
3387
3383
3382
3367
3348
3346
3332
3291
3284
3279
3269
3223
3219
3217
3209
3206
3200
3182
3161
3125
3119
3111
3085
3080
3079
3074
3051
3039
3035
3030
2984
2978
2965
2960
2950
2943
2937
2922
2896
2863
2858
2850
2816
2808
2805
2789
2787
2775
2761
2756
2750
2745
2742
2723
2721
2701
2699
2691
2667
2653
2646
2630
2602
2594
2593
2589
2586
2563
2553
2539
2530
2501
2496
2487
2486
2478
2467
2465
2431
2420
2407
2405
2389
2380
2372
2363
2358
2333
2318
2312
2298
2295
2289
2284
2273
2265
2262
2256
2245
2243
2239
2234
2219
2207
2200
2199
2180
2171
2167
2150
2145
2130
2129
2126
2124
2117
2053
2017
2008
2005
2002
