216
10000
5686
5608
5431
5408
5402
5390
5218
5174
5088
5084
5078
4991
4956
4905
4881
4813
4793
4646
4599
4571
4541
4534
4470
4410
4409
4408
4364
4327
4315
4312
4258
4253
4241
4215
4184
4179
4176
4139
4121
4104
4093
4071
4070
4052
4027
4020
4001
3966
3958
3956
3946
3941
3939
3927
3926
3925
3900
3873
3858
3838
3835
3814
3809
3778
3776
3758
3750
3733
3716
3711
3709
3707
3706
3693
3691
3672
3663
3657
3647
3640
3619
3614
3613
3582
3568
3550
3530
3519
3502
3466
3450
3434
3424
3409
3407
3397
3396
3387
3383
3379
3348
3338
3309
3277
3270
3267
3240
3237
3216
3206
3205
3180
3177
3175
3174
3170
3143
3131
3123
3112
3103
3099
3087
3082
3075
3071
3038
3037
3028
2999
2988
2984
2982
2946
2928
2918
2901
2900
2875
2863
2862
2857
2849
2813
2810
2799
2796
2788
2783
2782
2779
2774
2765
2740
2734
2688
2676
2673
2649
2629
2611
2594
2582
2580
2575
2572
2561
2555
2554
2545
2531
2513
2493
2478
2434
2431
2418
2411
2408
2406
2394
2379
2377
2375
2368
2355
2354
2335
2333
2323
2291
2287
2254
2249
2247
2242
2239
2238
2227
2209
2179
2138
2134
2129
2126
2091
2064
2063
2060
2053
2043
2023
2022
2017
2016
2003
