216
10000
5870
5829
5408
5407
5363
5334
5208
5205
5141
5134
5101
5092
5071
5053
5023
4980
4970
4854
4808
4783
4770
4679
4614
4610
4559
4532
4510
4443
4439
4431
4384
4354
4334
4312
4306
4296
4288
4273
4243
4223
4207
4163
4092
4073
4071
4049
4042
4023
3995
3988
3987
3940
3921
3917
3900
3893
3864
3860
3856
3810
3799
3788
3785
3762
3745
3741
3740
3727
3726
3720
3693
3692
3664
3662
3657
3652
3642
3635
3624
3620
3613
3610
3584
3573
3557
3545
3539
3536
3525
3520
3496
3494
3487
3484
3453
3421
3416
3401
3380
3375
3337
3332
3331
3316
3284
3224
3218
3209
3203
3187
3182
3175
3170
3163
3159
3150
3143
3140
3132
3105
3104
3099
3065
3063
3014
3011
3007
3003
2980
2968
2965
2922
2910
2903
2895
2874
2851
2842
2837
2815
2786
2771
2765
2759
2748
2737
2733
2720
2714
2706
2692
2684
2667
2654
2625
2611
2600
2587
2568
2561
2555
2547
2538
2513
2503
2499
2488
2481
2459
2454
2453
2425
2421
2416
2377
2375
2372
2355
2350
2344
2334
2331
2325
2316
2304
2282
2278
2271
2265
2253
2241
2240
2237
2230
2216
2182
2179
2171
2157
2139
2135
2122
2121
2117
2100
2081
2075
2073
2057
2055
2052
2049
2048
2046
2037
2012
