216
10000
5820
5805
5799
5785
5748
5742
5739
5574
5544
5529
5517
5441
5392
5391
5100
5099
5050
5037
4870
4858
4776
4739
4697
4661
4624
4616
4591
4590
4587
4562
4536
4526
4425
4384
4363
4330
4319
4257
4254
4230
4191
4144
4118
4099
4094
4059
4029
4012
3984
3966
3963
3952
3949
3940
3935
3928
3921
3907
3889
3884
3865
3861
3852
3827
3823
3817
3793
3791
3788
3777
3776
3761
3715
3714
3696
3690
3687
3685
3667
3663
3648
3614
3609
3596
3589
3585
3573
3560
3555
3552
3551
3530
3522
3514
3495
3467
3432
3425
3419
3394
3390
3331
3328
3284
3274
3267
3266
3263
3260
3247
3209
3192
3170
3150
3123
3118
3102
3088
3073
3030
3029
3027
3020
2977
2947
2914
2896
2883
2874
2868
2842
2834
2818
2807
2790
2787
2784
2731
2687
2685
2684
2654
2653
2623
2613
2598
2589
2588
2584
2576
2538
2532
2525
2500
2495
2487
2483
2482
2456
2444
2428
2420
2406
2402
2386
2370
2358
2350
2338
2325
2318
2310
2308
2287
2279
2275
2268
2265
2258
2255
2243
2236
2234
2232
2198
2196
2191
2183
2172
2163
2162
2156
2146
2136
2132
2125
2123
2114
2110
2108
2096
2092
2079
2076
2072
2069
2064
2061
2056
2034
2032
2025
2020
2019
2012
2009
