216
10000
5694
5613
5573
5540
5473
5309
5197
5001
4990
4943
4931
4875
4841
4801
4736
4650
4628
4602
4595
4575
4478
4440
4401
4376
4343
4324
4302
4281
4275
4270
4248
4228
4162
4156
4151
4139
4137
4099
4098
4089
4081
4059
4037
4026
4019
4012
3983
3959
3925
3908
3895
3890
3860
3839
3826
3822
3818
3817
3788
3786
3782
3780
3761
3753
3752
3742
3724
3722
3716
3710
3705
3681
3674
3671
3653
3647
3646
3638
3631
3618
3614
3607
3603
3576
3571
3567
3558
3555
3549
3532
3526
3523
3519
3465
3450
3442
3423
3399
3369
3365
3339
3335
3331
3325
3324
3319
3306
3300
3290
3284
3264
3219
3202
3189
3185
3156
3154
3153
3143
3140
3130
3120
3109
3108
3103
3100
3091
3062
3052
3035
3029
3001
2987
2974
2957
2952
2934
2912
2906
2905
2897
2892
2883
2880
2869
2868
2863
2839
2791
2784
2761
2759
2752
2746
2715
2714
2707
2698
2663
2659
2655
2646
2633
2612
2609
2590
2589
2537
2533
2528
2526
2522
2520
2515
2514
2480
2471
2467
2451
2418
2411
2405
2400
2387
2383
2350
2336
2329
2307
2298
2294
2286
2264
2263
2258
2244
2236
2234
2230
2200
2194
2171
2169
2167
2157
2154
2141
2137
2135
2080
2079
2077
2051
2036
2016
2007
