216
10000
5573
5284
5184
5088
5067
5035
5004
4951
4943
4907
4901
4887
4832
4812
4810
4803
4788
4671
4669
4623
4568
4534
4530
4521
4473
4467
4465
4379
4370
4293
4288
4263
4244
4243
4183
4173
4170
4148
4126
4122
4118
4116
4104
4099
4097
4084
4068
4013
4012
3992
3990
3989
3962
3960
3957
3953
3928
3927
3925
3873
3844
3813
3775
3771
3752
3719
3707
3706
3694
3673
3658
3656
3636
3633
3618
3607
3587
3586
3569
3568
3564
3563
3554
3537
3502
3495
3482
3467
3457
3456
3435
3419
3418
3416
3413
3407
3367
3354
3353
3343
3321
3312
3286
3279
3272
3259
3245
3200
3184
3161
3159
3139
3135
3122
3102
3097
3089
3085
3078
3061
3056
3044
3038
3026
3024
3023
3021
3015
3011
3010
3008
2996
2993
2990
2984
2945
2929
2927
2911
2907
2896
2885
2882
2872
2834
2829
2823
2808
2804
2796
2794
2772
2769
2763
2761
2755
2737
2725
2709
2691
2673
2658
2656
2646
2644
2637
2635
2620
2615
2611
2603
2592
2572
2552
2540
2505
2489
2486
2477
2476
2465
2457
2456
2448
2442
2430
2412
2407
2364
2349
2327
2305
2302
2276
2272
2266
2243
2242
2220
2204
2196
2187
2185
2173
2170
2167
2149
2144
2117
2105
2085
2078
2061
2060
2037
2030
