216
10000
5773
5725
5621
5383
5192
5158
5156
5100
5087
5012
4861
4791
4758
4745
4744
4723
4694
4670
4648
4637
4613
4602
4564
4560
4550
4536
4514
4485
4483
4456
4420
4370
4349
4287
4266
4263
4257
4243
4240
4233
4231
4218
4203
4147
4134
4078
4076
4065
4064
4059
4039
4003
3988
3974
3973
3916
3901
3893
3885
3884
3871
3869
3852
3851
3836
3807
3791
3767
3757
3719
3703
3688
3677
3650
3638
3618
3596
3593
3591
3569
3564
3516
3515
3506
3497
3441
3437
3435
3411
3405
3390
3376
3368
3365
3354
3338
3336
3331
3326
3322
3317
3311
3305
3290
3281
3273
3272
3269
3268
3255
3241
3219
3213
3194
3180
3163
3159
3148
3147
3138
3136
3127
3123
3082
3062
3053
3048
3043
3034
3020
3001
2995
2947
2938
2885
2871
2862
2854
2847
2838
2835
2834
2833
2819
2813
2812
2811
2794
2781
2766
2756
2732
2717
2702
2684
2681
2679
2675
2672
2663
2639
2633
2631
2622
2619
2598
2596
2577
2575
2546
2520
2496
2492
2483
2462
2452
2440
2408
2402
2388
2358
2317
2312
2307
2296
2292
2286
2246
2244
2238
2237
2229
2213
2196
2179
2171
2165
2143
2140
2135
2132
2118
2110
2105
2096
2095
2087
2071
2066
2049
2042
2040
2024
2023
2014
2001
