216
10000
5510
5504
5388
5278
5240
5190
5187
5177
5143
5040
5030
5017
5014
5006
4968
4923
4895
4867
4813
4788
4786
4785
4773
4707
4626
4621
4565
4552
4504
4503
4458
4452
4449
4414
4384
4372
4301
4263
4212
4153
4126
4125
4121
4115
4112
4109
4107
4095
4094
4080
4059
4018
4017
4014
4002
3982
3980
3975
3974
3956
3938
3919
3871
3869
3856
3842
3823
3822
3796
3774
3772
3735
3658
3649
3643
3640
3626
3606
3592
3590
3569
3548
3538
3526
3522
3518
3509
3502
3497
3470
3434
3432
3427
3411
3405
3403
3367
3356
3345
3339
3337
3296
3289
3277
3276
3269
3250
3249
3232
3227
3217
3216
3207
3165
3122
3115
3094
3082
3067
3066
3033
3015
2968
2965
2962
2960
2957
2942
2939
2924
2919
2917
2888
2882
2868
2852
2826
2825
2820
2786
2781
2780
2773
2751
2742
2740
2724
2721
2693
2682
2675
2671
2667
2659
2628
2626
2623
2621
2620
2616
2589
2556
2549
2531
2518
2512
2496
2494
2489
2488
2454
2452
2423
2409
2391
2384
2360
2343
2328
2327
2324
2321
2301
2299
2270
2252
2249
2248
2247
2242
2241
2228
2197
2195
2171
2169
2162
2160
2158
2156
2154
2153
2147
2119
2106
2099
2072
2067
2064
2056
2040
2037
2027
2012
2008
2004
