216
10000
5779
5749
5322
5185
5087
4915
4897
4889
4788
4784
4775
4757
4733
4647
4630
4610
4569
4484
4483
4438
4344
4336
4329
4320
4317
4316
4278
4266
4258
4254
4240
4237
4229
4218
4212
4209
4190
4144
4139
4093
4067
4065
4055
4032
4017
4012
4007
4000
3977
3948
3943
3920
3919
3911
3881
3866
3858
3851
3846
3832
3809
3797
3794
3784
3768
3760
3755
3751
3740
3724
3722
3708
3706
3697
3695
3666
3646
3635
3607
3593
3592
3575
3563
3557
3545
3537
3528
3507
3495
3489
3465
3464
3440
3435
3434
3432
3429
3419
3419
3417
3415
3410
3403
3381
3363
3358
3345
3326
3322
3310
3293
3283
3281
3278
3273
3268
3251
3233
3226
3218
3204
3203
3194
3178
3163
3162
3157
3113
3103
3078
3077
3050
3045
3026
3011
3008
2994
2979
2976
2925
2910
2891
2883
2877
2854
2845
2842
2831
2830
2826
2816
2798
2773
2769
2768
2765
2733
2730
2723
2704
2701
2685
2646
2637
2609
2554
2550
2546
2542
2533
2529
2527
2526
2510
2508
2505
2502
2486
2469
2446
2440
2388
2380
2379
2376
2362
2361
2359
2325
2315
2306
2281
2261
2257
2249
2247
2217
2200
2199
2177
2176
2171
2169
2159
2138
2125
2087
2067
2061
2055
2044
2022
2012
2008
2007
2002
