216
10000
5680
5587
5582
5520
5479
5366
5345
5340
5246
5237
5229
5120
5116
5062
5030
5021
4961
4960
4951
4936
4846
4841
4839
4829
4806
4774
4764
4745
4730
4703
4677
4625
4574
4573
4570
4558
4537
4527
4519
4504
4458
4411
4329
4318
4294
4238
4207
4172
4132
4131
4115
4096
4048
4045
3909
3892
3865
3861
3855
3852
3844
3832
3820
3818
3814
3792
3774
3766
3732
3727
3709
3703
3692
3687
3666
3661
3650
3627
3626
3592
3575
3548
3495
3467
3460
3442
3441
3421
3372
3345
3298
3293
3282
3276
3270
3269
3267
3253
3247
3243
3236
3229
3217
3214
3212
3188
3161
3157
3151
3137
3136
3134
3132
3092
3079
3060
3038
3012
3010
3004
2984
2978
2947
2922
2919
2916
2907
2903
2880
2825
2809
2808
2781
2779
2764
2759
2755
2728
2722
2708
2702
2689
2688
2678
2677
2675
2673
2634
2633
2626
2604
2599
2576
2569
2557
2555
2549
2547
2539
2538
2531
2518
2500
2495
2492
2481
2471
2467
2447
2421
2420
2404
2372
2371
2362
2350
2317
2304
2291
2289
2282
2280
2261
2259
2256
2246
2241
2240
2240
2230
2224
2217
2216
2214
2207
2191
2188
2183
2163
2158
2157
2136
2133
2124
2109
2086
2069
2065
2062
2061
2043
2041
2033
2023
2022
2003
