216
10000
5558
5498
5465
5287
5278
5231
5230
5161
5142
5093
5089
5020
5003
4980
4926
4925
4858
4827
4758
4726
4720
4697
4670
4620
4594
4519
4498
4467
4384
4383
4357
4293
4292
4290
4264
4259
4257
4256
4245
4242
4228
4209
4208
4174
4120
4103
4055
4036
4029
4013
4002
3963
3958
3946
3939
3936
3927
3911
3904
3896
3886
3885
3876
3873
3863
3833
3812
3796
3780
3750
3726
3670
3669
3667
3663
3652
3648
3625
3617
3602
3588
3581
3565
3552
3539
3533
3530
3529
3526
3524
3453
3431
3414
3397
3389
3388
3386
3367
3360
3356
3345
3335
3314
3283
3254
3246
3243
3215
3203
3158
3141
3127
3123
3104
3092
3091
3065
3049
3046
3038
3036
3030
3023
3019
3010
3004
2967
2966
2934
2924
2910
2906
2895
2894
2861
2859
2854
2834
2817
2810
2800
2784
2776
2772
2770
2723
2714
2713
2710
2703
2701
2689
2688
2685
2674
2670
2657
2652
2622
2618
2617
2598
2576
2562
2551
2532
2526
2519
2513
2499
2488
2481
2476
2459
2456
2448
2446
2426
2423
2396
2391
2385
2380
2367
2364
2314
2299
2293
2283
2270
2261
2254
2219
2218
2201
2194
2181
2167
2153
2150
2146
2138
2137
2135
2127
2105
2100
2091
2069
2054
2046
2043
2032
2028
2025
2022
