216
10000
5715
5695
5611
5462
5285
5261
5238
5237
5234
5129
5075
5050
5042
5024
4973
4948
4903
4875
4874
4872
4821
4721
4711
4686
4679
4653
4614
4550
4513
4421
4406
4403
4351
4350
4322
4307
4305
4297
4294
4279
4253
4201
4200
4184
4177
4176
4174
4169
4114
4090
4062
4059
4040
4021
3981
3937
3922
3915
3910
3894
3876
3864
3836
3834
3830
3807
3794
3793
3782
3763
3760
3756
3736
3720
3711
3688
3673
3632
3628
3613
3608
3598
3584
3583
3550
3544
3523
3496
3486
3485
3456
3437
3402
3400
3391
3348
3325
3300
3279
3263
3257
3252
3248
3247
3242
3221
3183
3166
3162
3157
3155
3150
3118
3111
3102
3074
3071
3057
3036
3025
3015
3000
2997
2979
2936
2934
2932
2919
2905
2893
2883
2880
2868
2866
2861
2849
2838
2810
2795
2787
2780
2757
2751
2728
2722
2691
2687
2682
2679
2662
2661
2657
2651
2632
2616
2604
2600
2592
2582
2566
2558
2557
2536
2526
2509
2504
2479
2475
2472
2470
2459
2446
2430
2417
2384
2368
2346
2342
2335
2332
2331
2321
2312
2295
2289
2287
2267
2261
2239
2236
2233
2224
2214
2207
2199
2192
2186
2164
2131
2127
2126
2123
2112
2111
2109
2106
2090
2086
2084
2076
2061
2058
2038
2029
2021
2010
