216
10000
5862
5615
5565
5426
5350
5330
5301
5203
5164
5072
4917
4891
4853
4809
4805
4777
4732
4691
4663
4654
4620
4614
4613
4546
4524
4516
4508
4489
4477
4474
4435
4425
4405
4393
4300
4294
4267
4262
4251
4240
4208
4175
4139
4137
4121
4102
4099
4089
4078
4042
4034
4021
4010
3999
3977
3974
3972
3959
3945
3944
3916
3915
3880
3879
3876
3870
3861
3859
3826
3823
3813
3812
3782
3780
3779
3776
3712
3676
3607
3598
3580
3564
3503
3501
3485
3473
3465
3463
3457
3435
3424
3416
3392
3389
3388
3387
3380
3338
3311
3306
3300
3270
3223
3220
3212
3211
3188
3187
3186
3156
3149
3147
3144
3139
3136
3116
3103
3074
3072
3063
3037
3036
3009
3007
2994
2983
2982
2968
2959
2935
2920
2894
2893
2867
2856
2854
2839
2833
2803
2802
2782
2772
2771
2762
2752
2747
2742
2727
2726
2723
2718
2713
2670
2667
2663
2643
2636
2598
2593
2578
2577
2570
2562
2548
2543
2534
2526
2522
2514
2512
2511
2510
2489
2469
2465
2451
2449
2410
2385
2382
2363
2362
2357
2337
2330
2313
2312
2307
2265
2250
2247
2246
2226
2197
2190
2173
2159
2157
2153
2138
2123
2111
2110
2107
2106
2095
2088
2085
2084
2080
2073
2072
2029
2015
2006
2000
