216
10000
5939
5637
5315
5281
5164
5140
4935
4890
4882
4713
4711
4689
4684
4671
4615
4604
4599
4545
4527
4470
4324
4306
4302
4300
4271
4269
4246
4243
4238
4231
4225
4218
4188
4156
4155
4135
4128
4119
4100
4054
4042
4024
4018
4009
3994
3975
3953
3928
3926
3900
3899
3893
3883
3850
3837
3831
3824
3819
3808
3803
3798
3789
3783
3776
3754
3743
3725
3724
3713
3707
3694
3671
3661
3658
3653
3607
3596
3573
3566
3546
3528
3527
3522
3520
3518
3517
3493
3484
3481
3477
3467
3466
3458
3442
3431
3429
3420
3410
3394
3383
3356
3347
3325
3309
3301
3296
3289
3279
3274
3270
3260
3257
3244
3230
3226
3224
3217
3210
3184
3180
3175
3166
3150
3141
3117
3082
3070
3063
3056
3038
3037
3033
3031
3019
3017
3012
2997
2996
2994
2989
2987
2944
2937
2912
2907
2906
2896
2892
2868
2861
2856
2848
2842
2840
2829
2776
2769
2766
2754
2738
2733
2699
2698
2686
2675
2674
2669
2646
2636
2591
2590
2587
2585
2553
2543
2540
2531
2511
2510
2463
2457
2449
2444
2420
2417
2404
2400
2399
2393
2377
2371
2353
2350
2317
2300
2280
2265
2235
2234
2229
2220
2201
2175
2173
2147
2138
2125
2108
2098
2063
2050
2049
2042
2033
2028
2008
