216
10000
5694
5297
5142
5128
5002
4992
4963
4827
4826
4785
4754
4734
4705
4681
4659
4635
4623
4586
4566
4561
4544
4543
4519
4506
4492
4452
4437
4433
4399
4348
4339
4318
4300
4296
4295
4285
4283
4238
4211
4184
4176
4159
4155
4086
4051
4044
4034
4024
4022
4001
3999
3958
3948
3930
3920
3918
3899
3896
3885
3850
3831
3829
3808
3802
3794
3783
3779
3778
3758
3749
3721
3716
3703
3697
3660
3651
3642
3618
3616
3615
3603
3592
3580
3564
3560
3548
3543
3536
3531
3502
3492
3476
3475
3465
3462
3449
3440
3424
3372
3348
3333
3330
3329
3298
3291
3277
3276
3259
3243
3235
3217
3216
3213
3211
3203
3186
3168
3162
3157
3151
3144
3136
3135
3103
3097
3073
3072
3063
3050
3001
2975
2955
2944
2943
2939
2934
2893
2890
2864
2855
2854
2850
2848
2839
2835
2832
2827
2820
2806
2798
2786
2761
2759
2750
2737
2735
2728
2717
2714
2709
2704
2677
2661
2658
2654
2638
2637
2628
2584
2580
2579
2567
2565
2534
2531
2509
2505
2501
2489
2455
2452
2444
2441
2432
2384
2359
2342
2324
2265
2251
2229
2224
2218
2217
2212
2206
2200
2198
2173
2167
2144
2133
2123
2115
2112
2106
2070
2048
2036
2035
2030
2029
2017
2016
2011
2006
