216
10000
5380
5366
5246
5226
5201
5183
5173
5149
5081
5028
5023
5021
5016
4935
4914
4910
4854
4844
4718
4709
4691
4684
4682
4660
4650
4627
4624
4606
4573
4553
4547
4455
4453
4450
4431
4429
4427
4418
4382
4381
4297
4275
4260
4259
4251
4210
4177
4164
4152
4086
4059
3965
3948
3930
3917
3899
3877
3857
3836
3827
3816
3808
3800
3794
3767
3764
3743
3729
3719
3693
3671
3669
3660
3658
3643
3628
3622
3615
3613
3605
3568
3556
3499
3498
3478
3464
3452
3450
3445
3430
3421
3380
3372
3363
3350
3309
3289
3264
3262
3249
3242
3233
3221
3218
3197
3187
3150
3110
3100
3098
3096
3088
3081
3071
3063
3034
3031
3028
2992
2987
2985
2977
2968
2961
2955
2949
2943
2926
2912
2896
2893
2889
2888
2886
2865
2853
2831
2826
2824
2821
2816
2798
2797
2794
2792
2791
2789
2777
2776
2771
2767
2756
2748
2742
2728
2719
2710
2671
2664
2661
2652
2637
2634
2620
2618
2602
2585
2579
2549
2542
2539
2503
2492
2485
2478
2475
2471
2469
2454
2437
2409
2403
2383
2361
2343
2341
2334
2324
2289
2285
2282
2269
2259
2241
2231
2199
2197
2193
2182
2178
2161
2155
2148
2117
2105
2085
2080
2075
2061
2024
2023
2022
2007
2006
2002
2001
