216
10000
5823
5498
5394
5385
5275
5257
5137
5116
5095
5035
5008
4966
4849
4798
4791
4749
4746
4710
4652
4639
4622
4556
4465
4390
4387
4356
4333
4327
4301
4298
4293
4263
4256
4251
4229
4214
4202
4150
4147
4137
4133
4126
4093
4084
4057
4050
4045
4019
4008
4003
4002
3998
3995
3968
3955
3953
3949
3917
3889
3862
3842
3839
3823
3817
3804
3781
3779
3770
3757
3756
3749
3744
3698
3681
3649
3642
3629
3609
3597
3593
3579
3575
3563
3562
3559
3555
3532
3525
3499
3494
3487
3477
3474
3454
3452
3392
3373
3364
3354
3344
3334
3319
3314
3302
3299
3294
3292
3254
3252
3250
3229
3191
3187
3179
3166
3160
3152
3151
3144
3134
3130
3111
3104
3084
3069
3065
3049
3045
3027
2990
2989
2979
2947
2910
2903
2894
2888
2872
2866
2846
2832
2829
2819
2797
2785
2778
2769
2764
2750
2742
2740
2734
2715
2691
2684
2683
2679
2671
2670
2668
2667
2651
2633
2587
2586
2541
2538
2537
2533
2524
2518
2509
2499
2495
2494
2487
2486
2481
2469
2468
2440
2369
2366
2355
2352
2345
2336
2304
2303
2284
2249
2248
2217
2201
2188
2186
2174
2170
2162
2133
2124
2120
2113
2111
2104
2102
2093
2090
2076
2075
2074
2064
2058
2056
2053
2052
