216
10000
5970
5668
5618
5592
5552
5527
5408
5365
5304
5213
5206
5199
5194
5109
5060
5014
5011
4986
4940
4908
4897
4826
4814
4804
4759
4755
4673
4662
4641
4617
4605
4598
4570
4551
4520
4481
4472
4467
4457
4429
4415
4391
4364
4277
4267
4248
4220
4207
4115
4105
4036
4032
4021
4017
3996
3984
3965
3963
3917
3895
3886
3875
3855
3851
3792
3787
3785
3778
3775
3742
3739
3733
3721
3689
3659
3654
3634
3630
3604
3584
3575
3562
3552
3550
3526
3503
3432
3378
3371
3320
3316
3313
3308
3307
3306
3281
3265
3236
3210
3207
3182
3176
3157
3135
3116
3104
3094
3077
3054
3043
3023
3014
3010
3008
3000
2980
2973
2968
2965
2964
2962
2942
2939
2901
2900
2889
2883
2864
2846
2842
2840
2817
2791
2787
2781
2779
2775
2771
2769
2747
2742
2716
2715
2698
2674
2655
2642
2636
2631
2629
2625
2624
2622
2612
2607
2586
2585
2582
2556
2552
2544
2530
2501
2472
2470
2460
2458
2451
2433
2427
2397
2391
2381
2379
2374
2372
2362
2348
2346
2341
2333
2311
2290
2272
2267
2250
2245
2244
2238
2236
2234
2223
2220
2205
2201
2176
2172
2170
2162
2153
2152
2151
2141
2140
2137
2098
2089
2080
2067
2060
2044
2036
2019
2011
2009
2002
