216
10000
5809
5775
5665
5619
5597
5559
5545
5501
5447
5352
5190
5051
4980
4908
4900
4896
4879
4871
4785
4774
4749
4735
4721
4688
4650
4649
4631
4588
4587
4557
4530
4519
4490
4489
4469
4461
4388
4311
4308
4290
4289
4258
4256
4249
4233
4227
4221
4210
4186
4154
4144
4138
4127
4099
4059
4046
4006
3993
3991
3990
3983
3925
3844
3817
3799
3770
3758
3732
3691
3684
3681
3677
3652
3647
3634
3595
3582
3572
3564
3561
3534
3499
3494
3489
3486
3468
3442
3426
3419
3410
3402
3390
3376
3321
3306
3300
3288
3283
3267
3225
3223
3211
3210
3197
3185
3143
3140
3128
3122
3099
3087
3083
3060
3055
3036
3020
3010
3002
2998
2992
2985
2979
2968
2965
2957
2947
2934
2923
2906
2902
2897
2892
2881
2877
2867
2866
2856
2854
2852
2838
2818
2811
2794
2791
2789
2759
2753
2710
2703
2693
2681
2648
2642
2625
2601
2595
2588
2575
2561
2556
2547
2519
2516
2504
2493
2488
2486
2478
2452
2428
2409
2401
2370
2359
2354
2353
2323
2320
2313
2312
2301
2268
2266
2258
2240
2230
2224
2190
2182
2179
2171
2164
2155
2145
2144
2142
2141
2140
2137
2129
2123
2121
2117
2116
2104
2102
2101
2082
2079
2063
2055
2041
2015
2013
2012
2003
