216
10000
5718
5358
5347
5279
5120
5104
5042
5023
5001
4997
4991
4966
4923
4911
4880
4836
4835
4815
4776
4695
4668
4651
4611
4606
4595
4550
4545
4531
4504
4502
4484
4482
4410
4369
4365
4341
4338
4302
4290
4278
4257
4249
4216
4196
4187
4173
4162
4153
4078
4062
4049
4024
4020
4008
3983
3957
3946
3935
3908
3893
3890
3879
3867
3845
3833
3816
3775
3758
3725
3712
3708
3704
3691
3686
3675
3638
3617
3574
3573
3572
3559
3529
3508
3501
3493
3492
3485
3474
3447
3439
3408
3399
3368
3364
3349
3348
3340
3339
3330
3328
3314
3304
3301
3298
3273
3271
3258
3248
3241
3228
3205
3202
3201
3185
3153
3134
3124
3095
3087
3039
3034
3008
2995
2985
2984
2958
2953
2952
2943
2937
2934
2931
2924
2915
2914
2911
2909
2869
2827
2821
2800
2784
2769
2766
2760
2758
2725
2722
2716
2664
2659
2651
2645
2634
2623
2621
2607
2605
2594
2581
2572
2566
2549
2540
2537
2518
2510
2509
2499
2498
2497
2480
2464
2459
2449
2437
2433
2427
2422
2403
2401
2396
2365
2358
2339
2314
2296
2291
2288
2271
2268
2251
2248
2243
2242
2236
2212
2202
2196
2192
2183
2174
2164
2163
2159
2112
2100
2090
2075
2072
2052
2046
2045
2041
2034
2030
