405
15000
8705
8491
8488
8458
8334
8246
8193
7958
7918
7909
7863
7853
7824
7795
7757
7754
7723
7719
7698
7687
7660
7648
7639
7599
7565
7527
7451
7322
7275
7267
7259
7228
7124
7101
7094
7087
7084
7054
7049
7032
7017
7008
6990
6989
6985
6980
6979
6972
6966
6955
6945
6881
6827
6820
6805
6778
6756
6751
6714
6677
6617
6609
6604
6602
6590
6588
6581
6543
6469
6400
6392
6380
6379
6366
6337
6325
6314
6282
6274
6266
6217
6174
6142
6122
6107
6091
6077
6058
6052
6047
6042
6041
6031
6028
6026
6005
6001
5984
5979
5975
5973
5966
5949
5940
5936
5933
5920
5914
5895
5892
5833
5826
5815
5778
5774
5763
5761
5760
5755
5745
5737
5735
5723
5716
5713
5676
5652
5632
5620
5572
5571
5565
5552
5549
5537
5535
5527
5515
5505
5459
5444
5441
5413
5402
5392
5389
5385
5368
5363
5349
5347
5345
5342
5340
5338
5325
5309
5299
5275
5260
5259
5251
5248
5226
5222
5210
5202
5186
5180
5177
5171
5167
5154
5148
5126
5125
5118
5103
5095
5088
5082
5076
5061
5018
5006
4996
4992
4984
4981
4974
4970
4968
4959
4957
4954
4944
4920
4918
4916
4897
4883
4880
4862
4842
4831
4816
4809
4758
4747
4741
4736
4732
4701
4673
4659
4655
4649
4642
4597
4582
4575
4568
4567
4561
4536
4522
4511
4493
4479
4473
4463
4462
4455
4451
4433
4430
4409
4406
4392
4391
4378
4377
4343
4342
4338
4289
4286
4284
4282
4274
4263
4257
4254
4238
4237
4232
4174
4173
4163
4150
4141
4136
4132
4120
4109
4106
4097
4079
4077
4071
4064
4060
4054
4041
4033
4026
4017
4007
4004
3980
3979
3978
3957
3951
3947
3944
3939
3934
3927
3923
3916
3910
3904
3897
3886
3885
3857
3856
3846
3842
3834
3831
3823
3807
3806
3796
3791
3782
3774
3753
3746
3741
3736
3728
3725
3724
3713
3712
3710
3707
3694
3690
3688
3684
3672
3658
3652
3650
3649
3646
3645
3613
3602
3601
3592
3584
3570
3568
3566
3561
3559
3538
3532
3524
3517
3499
3498
3482
3473
3472
3462
3457
3448
3444
3437
3426
3424
3408
3406
3399
3398
3394
3392
3386
3385
3379
3369
3362
3358
3356
3348
3341
3330
3325
3314
3309
3299
3287
3281
3278
3263
3248
3241
3211
3198
3172
3161
3159
3157
3150
3128
3119
3087
3083
3066
3064
3063
3051
3050
3039
3037
3029
3027
3014
3001
