405
15000
8716
8438
8370
8170
8130
8104
8083
8079
8049
7956
7952
7903
7843
7799
7787
7749
7743
7741
7722
7641
7639
7606
7420
7416
7409
7390
7343
7341
7316
7298
7295
7260
7193
7191
7153
7112
7110
7072
7059
7011
6945
6937
6849
6820
6816
6786
6779
6764
6747
6664
6625
6613
6595
6594
6587
6575
6560
6556
6552
6504
6498
6438
6434
6423
6406
6332
6328
6304
6300
6277
6269
6262
6171
6161
6158
6152
6142
6107
6089
6076
6075
6073
6043
6037
6036
6033
6032
5996
5975
5971
5967
5950
5945
5935
5930
5926
5924
5901
5899
5880
5873
5872
5859
5812
5807
5806
5798
5795
5791
5779
5767
5762
5755
5747
5745
5733
5700
5677
5669
5656
5644
5634
5632
5619
5617
5610
5609
5606
5594
5582
5569
5557
5549
5547
5539
5513
5508
5507
5500
5499
5496
5495
5484
5482
5444
5436
5435
5429
5428
5421
5396
5389
5387
5380
5362
5353
5341
5340
5332
5330
5323
5311
5304
5303
5299
5289
5286
5242
5233
5226
5225
5219
5209
5207
5204
5183
5170
5157
5141
5128
5117
5110
5070
5048
5044
5035
4999
4989
4986
4975
4974
4959
4958
4955
4949
4942
4939
4933
4929
4922
4909
4907
4903
4896
4878
4873
4864
4839
4833
4818
4812
4787
4785
4783
4779
4770
4735
4728
4726
4680
4676
4629
4598
4586
4585
4583
4577
4562
4558
4513
4506
4504
4484
4474
4448
4433
4417
4415
4404
4401
4387
4373
4353
4322
4312
4285
4281
4263
4255
4253
4250
4247
4246
4245
4240
4235
4232
4227
4204
4189
4180
4174
4172
4164
4149
4145
4138
4127
4123
4120
4102
4085
4076
4074
4052
4049
4039
4029
4025
4024
4017
4001
3980
3979
3970
3969
3960
3941
3939
3933
3904
3898
3891
3890
3886
3883
3877
3872
3868
3863
3862
3860
3857
3856
3853
3849
3847
3843
3836
3830
3826
3823
3821
3817
3810
3807
3805
3801
3790
3778
3777
3753
3725
3698
3696
3693
3688
3684
3683
3682
3662
3660
3659
3657
3644
3643
3635
3628
3623
3616
3614
3612
3606
3602
3600
3595
3583
3575
3572
3566
3561
3551
3541
3532
3531
3526
3499
3496
3488
3479
3467
3460
3459
3458
3452
3447
3442
3422
3404
3400
3399
3382
3381
3379
3355
3345
3342
3328
3322
3309
3308
3294
3288
3273
3238
3227
3224
3221
3212
3210
3196
3180
3168
3165
3162
3161
3150
3136
3119
3116
3114
3072
3064
3059
3037
