405
15000
8946
8793
8529
8387
8192
8132
8123
8108
8063
7997
7944
7939
7918
7899
7872
7861
7764
7757
7672
7650
7628
7591
7583
7582
7578
7571
7509
7443
7429
7418
7416
7385
7319
7303
7239
7213
7147
7138
7132
7116
7018
7014
6995
6981
6968
6944
6894
6840
6827
6796
6795
6784
6756
6751
6693
6685
6652
6642
6612
6606
6593
6563
6538
6514
6497
6492
6451
6442
6435
6422
6414
6402
6357
6356
6354
6351
6313
6294
6293
6282
6276
6271
6262
6261
6219
6216
6205
6201
6187
6177
6165
6162
6155
6101
6073
6069
6057
6050
6038
6016
5995
5941
5936
5916
5913
5857
5838
5812
5791
5787
5782
5780
5772
5762
5754
5749
5729
5726
5722
5719
5709
5671
5633
5609
5598
5578
5565
5546
5545
5543
5541
5538
5537
5519
5484
5433
5425
5422
5413
5388
5384
5374
5364
5351
5344
5340
5336
5275
5269
5266
5262
5261
5250
5240
5230
5213
5208
5199
5192
5189
5185
5182
5176
5163
5151
5131
5126
5118
5109
5107
5088
5085
5070
5062
5054
5048
5045
5043
5032
5029
5028
5026
5023
5010
5003
4990
4986
4984
4977
4962
4961
4943
4935
4931
4913
4909
4888
4887
4886
4871
4867
4861
4856
4852
4833
4821
4817
4765
4750
4733
4730
4725
4722
4721
4718
4698
4696
4676
4649
4644
4626
4598
4590
4581
4574
4569
4564
4551
4547
4541
4530
4518
4513
4502
4491
4480
4479
4440
4434
4428
4422
4416
4409
4404
4386
4385
4359
4357
4350
4348
4339
4334
4315
4311
4295
4283
4274
4273
4267
4264
4240
4232
4224
4220
4214
4201
4195
4180
4179
4149
4136
4131
4118
4115
4114
4101
4062
4042
4034
4028
4023
4022
4017
4016
4006
4005
3990
3980
3974
3973
3969
3957
3954
3952
3940
3932
3930
3909
3902
3900
3899
3893
3890
3878
3877
3864
3849
3841
3838
3818
3812
3800
3791
3790
3783
3779
3777
3770
3754
3750
3747
3745
3736
3708
3689
3671
3667
3664
3657
3653
3652
3648
3638
3617
3589
3583
3582
3578
3575
3561
3558
3548
3497
3488
3484
3479
3466
3460
3455
3439
3420
3410
3408
3405
3399
3370
3356
3331
3311
3310
3305
3303
3292
3291
3288
3284
3281
3279
3273
3258
3257
3255
3244
3243
3214
3204
3197
3189
3170
3152
3141
3135
3134
3126
3108
3104
3101
3098
3094
3079
3063
3061
3055
3043
3035
3033
3029
3025
3024
3021
3020
3019
3008
3006
3000
