405
15000
8833
8694
8654
8512
8441
8404
8127
8048
8008
7962
7933
7923
7917
7885
7828
7820
7788
7755
7721
7706
7697
7631
7628
7626
7584
7494
7455
7404
7393
7302
7271
7209
7190
7166
7147
7112
7087
7076
7056
7054
7024
7019
7018
6988
6985
6977
6948
6904
6821
6820
6800
6791
6787
6774
6756
6735
6702
6699
6691
6680
6667
6647
6632
6627
6602
6597
6583
6574
6519
6508
6497
6484
6481
6436
6429
6417
6412
6398
6387
6380
6362
6348
6347
6336
6319
6269
6247
6239
6228
6211
6188
6183
6116
6114
6095
6085
6061
6045
6017
6003
5998
5993
5989
5970
5908
5890
5886
5882
5864
5861
5856
5849
5844
5827
5825
5809
5806
5795
5787
5785
5775
5774
5757
5753
5736
5735
5710
5702
5692
5672
5648
5639
5612
5603
5595
5570
5569
5568
5555
5466
5448
5439
5418
5399
5390
5382
5371
5368
5349
5343
5306
5304
5297
5274
5267
5263
5258
5217
5214
5213
5210
5201
5200
5198
5193
5183
5178
5174
5172
5164
5162
5154
5150
5141
5139
5132
5129
5128
5117
5096
5080
5034
5018
4996
4961
4955
4946
4925
4915
4907
4893
4892
4877
4875
4873
4866
4851
4846
4845
4837
4834
4833
4820
4816
4811
4796
4744
4687
4683
4671
4646
4645
4642
4637
4629
4628
4614
4598
4597
4575
4551
4530
4525
4524
4522
4517
4516
4503
4494
4493
4482
4468
4466
4464
4456
4449
4440
4432
4429
4420
4419
4409
4401
4397
4395
4383
4377
4371
4357
4354
4353
4343
4333
4287
4285
4282
4280
4268
4267
4264
4218
4211
4208
4179
4173
4167
4160
4152
4148
4145
4134
4115
4112
4109
4103
4101
4086
4066
4059
4027
4017
4011
4003
3972
3960
3957
3952
3946
3943
3931
3909
3896
3883
3878
3874
3862
3857
3852
3851
3834
3817
3810
3809
3788
3784
3776
3751
3738
3735
3727
3726
3723
3697
3691
3686
3669
3640
3639
3638
3633
3620
3612
3579
3563
3559
3554
3549
3547
3541
3531
3521
3516
3506
3492
3481
3463
3459
3458
3457
3456
3451
3446
3439
3434
3428
3427
3424
3423
3417
3408
3405
3393
3386
3378
3364
3357
3355
3352
3346
3344
3308
3307
3304
3302
3294
3291
3287
3281
3269
3258
3252
3244
3235
3225
3219
3209
3193
3172
3164
3161
3154
3151
3149
3145
3137
3136
3135
3133
3132
3130
3113
3111
3108
3103
3097
3095
3087
3071
3053
3049
3037
3032
3021
3017
3000
