405
15000
8614
8602
8259
8194
7953
7885
7850
7837
7830
7801
7780
7730
7671
7616
7590
7587
7580
7460
7435
7421
7419
7413
7381
7317
7311
7278
7262
7210
7190
7181
7180
7172
7135
7112
7109
7088
7061
7044
7037
7014
7008
7007
7003
6946
6923
6899
6848
6843
6828
6798
6756
6744
6710
6698
6680
6658
6642
6627
6617
6566
6451
6397
6384
6380
6367
6357
6344
6331
6317
6295
6240
6237
6236
6220
6219
6204
6147
6132
6130
6129
6084
6078
6074
6063
6058
6056
6051
6043
6002
5998
5967
5965
5955
5941
5933
5930
5927
5926
5904
5901
5892
5877
5864
5862
5803
5799
5791
5789
5786
5785
5778
5776
5775
5771
5765
5761
5757
5754
5743
5741
5739
5725
5723
5719
5708
5706
5697
5691
5686
5673
5671
5667
5658
5657
5655
5651
5649
5647
5643
5630
5609
5597
5590
5586
5563
5557
5536
5528
5516
5510
5490
5456
5455
5447
5403
5396
5386
5384
5368
5352
5351
5339
5328
5324
5322
5319
5302
5267
5262
5235
5200
5195
5167
5163
5150
5143
5129
5111
5106
5097
5078
5064
5063
5051
5048
5034
5012
5008
5005
4998
4941
4921
4918
4912
4905
4878
4862
4857
4840
4813
4810
4800
4796
4780
4776
4769
4756
4735
4728
4724
4694
4691
4690
4689
4662
4643
4638
4631
4625
4612
4600
4597
4594
4584
4582
4580
4570
4558
4527
4505
4501
4496
4486
4479
4474
4470
4458
4453
4447
4445
4434
4422
4401
4387
4386
4356
4352
4347
4302
4292
4281
4280
4278
4261
4256
4251
4241
4233
4232
4228
4223
4220
4206
4202
4195
4186
4181
4178
4177
4172
4171
4162
4153
4150
4124
4113
4101
4086
4076
4048
4040
4039
4031
4026
4023
4011
4008
4005
4002
4000
3993
3988
3982
3981
3974
3970
3965
3964
3940
3921
3910
3903
3888
3878
3876
3873
3866
3856
3855
3849
3845
3835
3824
3823
3790
3780
3774
3770
3765
3760
3745
3742
3734
3732
3723
3719
3718
3716
3712
3709
3694
3688
3678
3676
3675
3670
3659
3656
3645
3631
3614
3613
3587
3586
3580
3576
3560
3558
3555
3541
3535
3532
3527
3525
3523
3513
3510
3506
3486
3455
3447
3437
3436
3423
3406
3394
3385
3372
3370
3368
3356
3331
3328
3325
3316
3307
3299
3288
3278
3271
3234
3220
3204
3194
3190
3183
3174
3165
3155
3145
3142
3123
3108
3107
3092
3082
3065
3051
3037
3033
3025
3020
3013
3012
3009
