405
15000
8722
8444
8377
8369
8364
8312
8301
8292
8201
7967
7897
7877
7813
7804
7789
7786
7727
7695
7674
7666
7644
7588
7553
7531
7463
7426
7414
7409
7373
7357
7351
7348
7347
7285
7269
7251
7227
7130
7129
7121
7117
7080
7000
6988
6945
6942
6924
6880
6876
6771
6757
6714
6704
6696
6689
6670
6658
6620
6616
6612
6570
6551
6537
6527
6513
6501
6499
6489
6486
6471
6458
6436
6435
6408
6403
6397
6376
6337
6312
6291
6280
6254
6251
6250
6235
6225
6223
6220
6213
6185
6178
6161
6154
6147
6136
6124
6115
6102
6083
6076
6069
6055
6050
6027
6002
5966
5950
5915
5912
5897
5884
5872
5870
5867
5862
5845
5803
5791
5789
5784
5777
5770
5766
5723
5683
5675
5670
5639
5631
5626
5609
5590
5583
5561
5554
5539
5536
5528
5525
5519
5511
5506
5500
5494
5491
5473
5453
5451
5447
5405
5399
5374
5373
5330
5326
5323
5318
5294
5289
5281
5274
5260
5250
5249
5246
5239
5223
5198
5193
5188
5181
5180
5171
5163
5142
5103
5102
5083
5082
5052
5045
5037
5029
5028
5025
5017
5008
5001
4957
4937
4931
4926
4911
4903
4880
4874
4865
4860
4858
4855
4850
4836
4822
4784
4769
4756
4744
4735
4729
4719
4716
4705
4648
4646
4641
4612
4603
4602
4596
4587
4586
4584
4578
4564
4558
4555
4552
4542
4513
4511
4502
4484
4482
4481
4473
4460
4422
4418
4411
4407
4399
4383
4380
4366
4364
4341
4329
4316
4298
4287
4284
4268
4222
4199
4181
4180
4175
4171
4166
4162
4158
4157
4156
4150
4111
4101
4088
4085
4075
4067
4064
4063
4048
4047
4046
4041
4029
4024
4018
4002
4000
3988
3978
3968
3952
3943
3941
3937
3936
3927
3919
3915
3908
3902
3899
3896
3886
3877
3876
3856
3854
3846
3836
3830
3822
3798
3795
3760
3752
3749
3744
3713
3710
3675
3673
3666
3663
3651
3634
3627
3615
3607
3600
3596
3594
3593
3592
3587
3574
3551
3549
3548
3539
3534
3530
3527
3526
3525
3516
3501
3497
3477
3474
3471
3465
3445
3441
3431
3430
3426
3413
3406
3405
3399
3385
3371
3366
3355
3350
3339
3324
3316
3305
3303
3287
3283
3278
3269
3268
3264
3259
3255
3251
3235
3233
3224
3204
3201
3198
3197
3178
3176
3172
3166
3154
3131
3128
3125
3123
3103
3102
3101
3094
3091
3088
3085
3062
3058
3055
3052
3037
3031
3025
3021
3013
