405
15000
8751
8748
8730
8531
8486
8108
8084
8083
8069
7989
7973
7848
7808
7761
7755
7724
7654
7630
7617
7600
7589
7579
7564
7482
7476
7443
7434
7402
7350
7306
7290
7148
7126
7119
7103
7073
7026
7017
7015
7005
7004
6982
6978
6972
6933
6919
6904
6898
6893
6892
6883
6878
6848
6830
6805
6790
6779
6771
6743
6731
6720
6718
6686
6678
6652
6648
6614
6585
6580
6552
6527
6516
6514
6489
6474
6442
6425
6403
6371
6354
6328
6304
6217
6211
6172
6144
6142
6122
6074
6060
6052
6046
6042
6037
6019
6011
5983
5930
5915
5906
5897
5896
5877
5860
5851
5843
5841
5835
5833
5828
5824
5823
5819
5817
5813
5794
5757
5750
5748
5742
5712
5709
5708
5681
5625
5624
5615
5610
5574
5567
5564
5562
5561
5542
5521
5508
5478
5475
5459
5455
5449
5422
5420
5419
5418
5399
5360
5359
5329
5320
5291
5281
5271
5256
5250
5196
5187
5174
5173
5165
5153
5148
5147
5140
5130
5114
5102
5100
5098
5096
5057
5046
5043
5042
5029
5025
5023
5021
5018
4998
4995
4969
4936
4922
4899
4897
4882
4873
4861
4852
4841
4840
4834
4805
4801
4793
4779
4778
4774
4757
4747
4744
4718
4713
4710
4705
4694
4689
4642
4637
4635
4633
4631
4622
4618
4617
4612
4605
4598
4594
4585
4583
4573
4569
4565
4552
4549
4543
4534
4533
4499
4490
4488
4455
4449
4448
4446
4434
4420
4416
4394
4393
4388
4378
4377
4375
4362
4360
4353
4342
4323
4319
4291
4289
4284
4278
4275
4273
4260
4259
4253
4252
4234
4212
4200
4179
4169
4165
4160
4158
4152
4137
4135
4134
4118
4110
4108
4094
4084
4067
4046
4038
4035
4031
4028
4026
4021
4008
4004
3992
3988
3981
3974
3968
3936
3935
3931
3928
3893
3892
3869
3867
3863
3850
3832
3831
3825
3809
3802
3783
3764
3755
3754
3751
3749
3737
3734
3726
3725
3719
3714
3711
3697
3691
3687
3684
3682
3664
3635
3634
3632
3627
3621
3608
3598
3597
3579
3569
3566
3558
3554
3550
3541
3539
3525
3520
3510
3508
3499
3482
3481
3476
3462
3456
3442
3439
3433
3429
3426
3405
3395
3391
3390
3389
3385
3373
3370
3340
3334
3325
3314
3300
3296
3290
3287
3277
3275
3264
3257
3250
3228
3219
3205
3202
3200
3197
3192
3191
3182
3177
3176
3141
3136
3134
3132
3127
3092
3084
3076
3075
3073
3047
3044
3001
3000
