405
15000
8723
8567
8533
8425
8341
8280
8160
8097
8093
8048
8045
8040
8006
7997
7985
7966
7927
7889
7859
7837
7836
7824
7784
7763
7726
7708
7707
7695
7672
7651
7623
7620
7582
7547
7529
7517
7487
7476
7474
7370
7369
7330
7320
7312
7306
7290
7262
7250
7220
7216
7142
7120
7107
7091
7074
7043
6997
6979
6978
6976
6943
6896
6870
6869
6842
6807
6797
6751
6697
6651
6640
6569
6553
6552
6524
6513
6509
6466
6449
6438
6409
6405
6402
6384
6379
6361
6351
6304
6282
6271
6262
6244
6239
6230
6204
6190
6158
6144
6131
6112
5997
5970
5913
5901
5898
5876
5872
5867
5837
5823
5815
5808
5799
5791
5768
5725
5722
5719
5705
5703
5700
5672
5643
5637
5616
5596
5590
5586
5582
5575
5555
5522
5517
5515
5512
5498
5495
5489
5474
5454
5431
5417
5398
5396
5379
5378
5370
5363
5339
5333
5328
5289
5280
5271
5255
5248
5246
5234
5225
5216
5207
5197
5194
5191
5187
5179
5172
5136
5112
5102
5052
5051
5050
5011
5010
5008
4987
4953
4946
4934
4928
4923
4906
4886
4880
4865
4862
4857
4851
4844
4834
4833
4831
4776
4765
4759
4743
4712
4710
4666
4665
4655
4648
4623
4616
4614
4595
4592
4585
4577
4574
4563
4559
4552
4549
4535
4519
4497
4476
4474
4471
4466
4443
4442
4437
4434
4422
4415
4414
4407
4397
4391
4387
4384
4370
4368
4355
4348
4344
4340
4298
4274
4265
4261
4254
4245
4236
4231
4222
4142
4138
4132
4120
4084
4076
4074
4064
4040
4032
4029
4023
4021
4018
4008
4007
4002
4001
3995
3982
3974
3969
3964
3942
3941
3938
3932
3925
3920
3918
3899
3885
3884
3873
3869
3865
3864
3863
3862
3853
3842
3838
3831
3815
3808
3802
3789
3787
3786
3782
3772
3771
3763
3760
3759
3748
3737
3735
3720
3714
3709
3697
3694
3693
3691
3689
3679
3670
3668
3665
3656
3655
3654
3650
3643
3639
3611
3610
3608
3599
3568
3566
3553
3548
3545
3539
3538
3528
3515
3511
3505
3503
3487
3485
3445
3439
3428
3402
3394
3392
3382
3378
3377
3375
3373
3368
3360
3344
3339
3336
3334
3329
3326
3324
3311
3309
3287
3284
3279
3268
3257
3251
3245
3238
3223
3207
3205
3204
3199
3196
3174
3164
3163
3161
3152
3147
3145
3142
3132
3131
3129
3127
3123
3111
3092
3089
3086
3084
3075
3071
3054
3052
3046
3030
3029
3004
