405
15000
8442
8257
8204
8168
8145
8101
7970
7940
7908
7903
7834
7779
7770
7752
7708
7705
7688
7630
7583
7570
7544
7537
7515
7505
7495
7490
7475
7460
7450
7383
7362
7334
7325
7311
7270
7241
7240
7226
7197
7173
7147
7123
7085
7068
7027
7017
7008
7006
6992
6979
6926
6919
6852
6839
6838
6832
6830
6806
6800
6796
6795
6790
6782
6750
6708
6684
6682
6667
6634
6610
6590
6566
6565
6560
6476
6473
6451
6448
6443
6437
6413
6365
6341
6294
6277
6258
6254
6245
6238
6209
6196
6194
6171
6154
6145
6139
6085
6054
6006
5996
5991
5988
5966
5961
5929
5914
5905
5888
5872
5794
5786
5772
5771
5768
5759
5730
5711
5690
5673
5670
5663
5633
5596
5589
5573
5572
5568
5556
5548
5529
5522
5518
5517
5507
5494
5486
5479
5473
5466
5452
5425
5405
5404
5392
5384
5371
5368
5350
5347
5316
5308
5307
5301
5290
5284
5281
5273
5251
5244
5241
5228
5221
5196
5171
5152
5142
5140
5133
5126
5089
5079
5074
5065
5059
5054
5053
5052
5050
4998
4991
4987
4984
4983
4964
4950
4939
4930
4919
4886
4884
4880
4864
4851
4849
4848
4817
4809
4796
4776
4759
4744
4740
4718
4715
4708
4698
4697
4681
4680
4650
4646
4645
4640
4639
4624
4610
4604
4593
4586
4585
4573
4549
4536
4530
4521
4520
4519
4518
4501
4491
4484
4475
4456
4452
4448
4440
4437
4426
4417
4409
4407
4405
4377
4356
4348
4345
4327
4310
4287
4283
4280
4276
4275
4267
4259
4242
4218
4205
4201
4193
4185
4183
4173
4167
4148
4144
4139
4137
4133
4125
4121
4116
4110
4093
4092
4088
4086
4085
4083
4082
4079
4061
4050
4049
4040
4036
4027
4026
4020
3995
3993
3970
3966
3938
3929
3923
3904
3875
3874
3868
3862
3861
3857
3841
3837
3817
3815
3812
3805
3798
3794
3783
3770
3760
3752
3740
3726
3710
3709
3698
3690
3687
3686
3684
3682
3642
3636
3605
3602
3601
3599
3594
3580
3566
3564
3562
3560
3555
3554
3544
3538
3530
3527
3518
3504
3500
3491
3483
3476
3460
3451
3450
3430
3410
3398
3397
3391
3372
3369
3355
3352
3347
3346
3340
3331
3327
3313
3312
3302
3282
3273
3268
3267
3240
3226
3223
3212
3203
3183
3182
3178
3157
3154
3146
3145
3144
3139
3131
3123
3119
3114
3113
3106
3096
3086
3083
3067
3065
3063
3053
3044
3038
3026
3012
3006
