405
15000
8828
8650
8536
8533
8351
8341
8211
8205
8188
8162
8024
8019
7993
7892
7890
7873
7779
7747
7717
7710
7709
7699
7675
7662
7597
7559
7522
7510
7507
7502
7475
7439
7422
7407
7400
7398
7394
7390
7361
7355
7347
7314
7278
7248
7216
7215
7199
7184
7157
7127
7119
7071
7034
7016
6992
6983
6970
6953
6884
6860
6836
6811
6765
6742
6707
6705
6682
6671
6635
6617
6606
6553
6527
6521
6516
6511
6490
6473
6465
6428
6380
6375
6342
6317
6302
6285
6275
6274
6270
6260
6227
6219
6127
6117
6103
6091
6090
6075
6066
6052
6044
6040
6037
6035
6022
6020
6017
6015
6014
6000
5992
5964
5951
5941
5928
5922
5916
5838
5834
5823
5810
5797
5779
5771
5764
5762
5733
5717
5711
5707
5706
5685
5673
5668
5636
5614
5609
5588
5586
5561
5557
5550
5521
5520
5491
5470
5436
5429
5428
5425
5417
5415
5412
5398
5352
5340
5327
5304
5287
5283
5281
5257
5253
5252
5235
5180
5152
5151
5148
5147
5124
5110
5097
5075
5044
5035
5031
5011
5006
4996
4986
4981
4974
4961
4916
4914
4896
4893
4881
4847
4846
4842
4840
4836
4816
4794
4785
4767
4742
4728
4695
4661
4655
4649
4646
4628
4609
4589
4582
4579
4560
4552
4551
4544
4527
4517
4512
4503
4501
4498
4484
4483
4470
4458
4449
4442
4438
4433
4432
4419
4417
4412
4378
4359
4351
4349
4331
4328
4322
4307
4290
4277
4274
4271
4264
4250
4248
4227
4205
4194
4192
4188
4175
4166
4160
4148
4145
4138
4107
4103
4097
4089
4063
4047
4034
4014
4007
4006
4003
3993
3977
3971
3970
3968
3957
3954
3952
3946
3938
3929
3920
3913
3908
3900
3896
3885
3882
3875
3869
3848
3824
3815
3812
3780
3777
3757
3746
3743
3740
3738
3736
3719
3715
3713
3697
3690
3680
3679
3677
3663
3656
3638
3628
3622
3614
3608
3596
3591
3589
3572
3571
3568
3558
3556
3550
3544
3543
3540
3534
3522
3513
3511
3500
3495
3492
3483
3481
3473
3463
3453
3428
3414
3412
3410
3400
3395
3391
3383
3381
3368
3363
3352
3347
3345
3336
3333
3326
3318
3311
3298
3297
3278
3275
3254
3248
3241
3237
3224
3211
3193
3190
3189
3176
3170
3168
3162
3161
3159
3158
3157
3156
3155
3152
3146
3143
3139
3134
3131
3129
3125
3123
3113
3095
3077
3064
3061
3055
3044
3041
3032
3029
3027
3011
3007
3005
