405
15000
8708
8376
8372
8294
8080
8038
7942
7921
7873
7861
7850
7801
7756
7698
7693
7640
7619
7611
7601
7580
7506
7436
7432
7431
7376
7322
7302
7292
7245
7244
7210
7170
7169
7145
7128
7115
7114
7089
7054
7041
7019
7005
6995
6960
6868
6802
6790
6785
6760
6753
6743
6741
6738
6702
6677
6668
6647
6629
6623
6568
6562
6548
6544
6516
6510
6473
6459
6447
6443
6385
6381
6361
6304
6298
6287
6279
6267
6264
6261
6259
6235
6219
6207
6203
6201
6198
6181
6168
6163
6162
6155
6103
6073
6042
6000
5999
5990
5986
5974
5969
5948
5947
5938
5935
5930
5927
5881
5875
5858
5817
5814
5808
5786
5767
5751
5748
5731
5726
5721
5702
5698
5689
5684
5677
5676
5662
5653
5645
5637
5628
5621
5614
5608
5592
5576
5557
5554
5551
5527
5505
5503
5490
5482
5477
5474
5450
5449
5448
5444
5439
5421
5371
5367
5351
5333
5327
5310
5303
5289
5288
5274
5269
5266
5251
5247
5225
5221
5218
5201
5197
5190
5181
5154
5144
5138
5136
5125
5110
5104
5101
5094
5090
5081
5051
5012
5000
4995
4993
4979
4973
4969
4962
4955
4941
4903
4883
4879
4874
4870
4863
4860
4850
4841
4821
4818
4807
4803
4801
4783
4775
4767
4754
4750
4738
4732
4720
4703
4696
4695
4685
4676
4648
4646
4636
4606
4602
4601
4580
4575
4573
4572
4568
4567
4564
4558
4557
4552
4531
4519
4510
4491
4481
4472
4436
4432
4431
4425
4415
4412
4379
4331
4305
4304
4302
4269
4258
4239
4234
4227
4226
4218
4216
4213
4208
4197
4192
4191
4181
4180
4173
4172
4171
4169
4167
4159
4145
4120
4102
4083
4082
4068
4063
4059
4056
4043
4031
4030
4025
4015
3996
3983
3971
3962
3952
3948
3932
3931
3895
3883
3878
3860
3859
3850
3844
3840
3833
3826
3818
3804
3801
3781
3778
3777
3775
3764
3740
3738
3724
3722
3703
3702
3685
3683
3649
3645
3637
3633
3620
3617
3611
3593
3587
3578
3575
3568
3560
3557
3552
3549
3540
3502
3501
3499
3487
3486
3481
3467
3463
3460
3450
3441
3437
3426
3425
3421
3414
3406
3401
3396
3393
3376
3373
3368
3355
3351
3322
3317
3316
3297
3283
3280
3275
3245
3224
3194
3193
3181
3163
3156
3150
3146
3140
3135
3133
3129
3126
3110
3108
3096
3091
3079
3072
3060
3050
3044
3038
3032
3024
3023
3018
3014
3011
3010
3004
3002
