405
15000
8923
8635
8575
8453
8413
8366
8356
8344
8323
8301
8298
8296
8279
8189
8157
8123
8121
8080
8004
7950
7767
7738
7735
7730
7720
7696
7695
7672
7669
7655
7653
7624
7550
7509
7506
7447
7437
7434
7399
7366
7349
7287
7273
7245
7230
7213
7180
7176
7142
7122
7098
7091
7089
7063
7037
7016
6999
6979
6913
6908
6847
6790
6772
6726
6712
6678
6661
6625
6600
6560
6531
6524
6508
6501
6500
6489
6477
6422
6414
6382
6373
6363
6349
6310
6308
6259
6257
6256
6253
6239
6237
6229
6227
6220
6164
6161
6158
6131
6102
6101
6092
6089
6088
6079
6060
6039
6028
6024
6006
6001
5988
5974
5966
5928
5922
5920
5913
5882
5873
5862
5845
5839
5823
5816
5812
5810
5806
5764
5757
5755
5738
5734
5719
5718
5709
5690
5677
5665
5663
5656
5599
5568
5545
5540
5524
5515
5487
5481
5452
5445
5438
5428
5425
5413
5401
5379
5362
5334
5329
5319
5291
5283
5268
5261
5256
5245
5201
5181
5148
5146
5070
5035
5015
5000
4991
4990
4987
4981
4968
4953
4947
4925
4917
4907
4906
4899
4889
4873
4868
4854
4846
4837
4835
4832
4810
4797
4789
4778
4765
4750
4722
4709
4707
4693
4665
4650
4645
4643
4642
4638
4623
4613
4611
4598
4588
4564
4525
4519
4503
4471
4437
4422
4411
4388
4387
4380
4362
4354
4342
4329
4321
4317
4314
4289
4275
4271
4250
4238
4234
4233
4230
4228
4221
4216
4197
4191
4178
4162
4157
4147
4146
4142
4123
4118
4110
4105
4104
4097
4080
4077
4054
4053
4052
4048
4047
4023
4020
4013
4004
4001
3978
3977
3966
3964
3941
3934
3924
3922
3921
3916
3913
3908
3907
3903
3897
3858
3821
3791
3790
3780
3772
3770
3769
3760
3731
3727
3721
3710
3705
3699
3688
3650
3647
3645
3638
3626
3620
3607
3595
3594
3588
3587
3586
3579
3578
3574
3566
3551
3549
3547
3536
3530
3520
3510
3488
3470
3467
3454
3449
3447
3439
3419
3410
3404
3397
3392
3390
3376
3372
3370
3368
3362
3357
3355
3342
3330
3329
3324
3323
3320
3317
3313
3303
3301
3299
3290
3279
3272
3256
3254
3246
3228
3227
3223
3217
3216
3203
3200
3174
3172
3167
3166
3156
3152
3145
3138
3137
3133
3128
3127
3117
3114
3106
3102
3098
3095
3092
3091
3083
3082
3078
3074
3073
3072
3069
3067
3062
3042
3041
3034
3032
3030
3010
3005
3003
