405
15000
8618
8528
8283
8207
8185
8135
8098
8094
8057
8034
7970
7953
7941
7878
7841
7820
7773
7760
7754
7746
7731
7700
7670
7561
7532
7526
7522
7516
7468
7455
7446
7444
7418
7404
7319
7303
7289
7244
7230
7219
7217
7191
7134
7133
7096
7050
6991
6981
6970
6957
6955
6917
6861
6855
6854
6846
6844
6819
6812
6774
6742
6718
6700
6629
6626
6610
6597
6590
6583
6542
6508
6473
6410
6379
6374
6367
6364
6337
6322
6298
6294
6279
6278
6216
6197
6187
6174
6152
6151
6130
6112
6108
6086
6082
6074
6072
6055
5992
5990
5989
5987
5958
5945
5939
5922
5915
5908
5902
5900
5896
5888
5870
5856
5829
5822
5808
5800
5799
5789
5758
5751
5747
5718
5690
5688
5666
5651
5643
5641
5634
5626
5622
5613
5608
5607
5600
5584
5578
5572
5568
5559
5554
5549
5548
5539
5525
5510
5501
5473
5472
5466
5448
5444
5430
5428
5425
5422
5419
5416
5401
5391
5380
5358
5333
5318
5273
5245
5236
5213
5207
5203
5195
5194
5175
5143
5128
5089
5045
5022
5021
4995
4988
4980
4973
4938
4926
4919
4914
4898
4876
4852
4839
4830
4815
4800
4775
4773
4763
4760
4758
4757
4749
4747
4737
4733
4730
4704
4679
4665
4660
4656
4651
4631
4621
4615
4612
4589
4577
4576
4565
4560
4557
4555
4549
4520
4515
4503
4479
4475
4471
4450
4449
4440
4386
4365
4363
4286
4270
4262
4245
4243
4219
4218
4214
4213
4198
4196
4195
4188
4172
4171
4163
4149
4148
4145
4143
4134
4129
4128
4126
4119
4110
4088
4087
4086
4050
4047
4042
4034
4031
4022
4021
4017
4016
4003
3988
3966
3955
3951
3937
3931
3929
3927
3923
3917
3911
3909
3905
3900
3899
3898
3892
3891
3884
3876
3863
3838
3813
3812
3803
3780
3771
3759
3753
3742
3729
3722
3704
3701
3700
3695
3694
3692
3675
3664
3661
3659
3655
3653
3652
3641
3639
3632
3619
3618
3596
3595
3591
3580
3576
3574
3571
3567
3565
3563
3558
3551
3541
3534
3514
3512
3511
3505
3502
3501
3500
3494
3486
3479
3469
3467
3466
3465
3464
3438
3433
3404
3397
3385
3375
3372
3369
3356
3353
3349
3339
3335
3331
3326
3310
3304
3288
3279
3244
3230
3226
3222
3217
3210
3207
3196
3183
3178
3177
3172
3153
3140
3137
3134
3132
3126
3106
3096
3071
3060
3058
3047
3042
3037
3027
3026
3025
3024
3021
3005
