405
15000
8788
8649
8569
8534
8470
8464
8327
8253
8199
8123
8069
8050
8045
7985
7980
7948
7944
7894
7859
7852
7816
7799
7780
7751
7695
7680
7668
7633
7596
7590
7543
7524
7486
7430
7426
7410
7395
7385
7376
7362
7346
7317
7302
7250
7218
7206
7185
7182
7145
7117
7080
7033
7023
7012
6992
6987
6971
6907
6852
6841
6810
6795
6752
6739
6709
6675
6634
6598
6499
6491
6469
6462
6388
6373
6343
6324
6310
6291
6278
6257
6250
6240
6230
6224
6204
6201
6189
6187
6155
6144
6139
6123
6119
6118
6117
6114
6092
6079
6031
6029
6024
5991
5983
5931
5922
5904
5881
5874
5856
5851
5843
5833
5817
5780
5774
5745
5727
5720
5712
5708
5693
5675
5669
5648
5633
5632
5623
5585
5579
5573
5571
5563
5562
5542
5539
5538
5532
5516
5506
5489
5486
5479
5478
5477
5440
5426
5415
5414
5413
5406
5397
5372
5370
5365
5353
5346
5336
5328
5313
5301
5293
5272
5271
5266
5248
5234
5223
5213
5195
5191
5162
5125
5123
5121
5097
5091
5079
5057
5033
4999
4994
4985
4955
4952
4947
4943
4937
4922
4917
4878
4853
4842
4838
4832
4825
4820
4818
4815
4798
4789
4785
4762
4727
4712
4696
4693
4687
4680
4659
4652
4640
4639
4599
4597
4580
4568
4560
4557
4538
4526
4518
4495
4475
4441
4440
4427
4425
4420
4388
4376
4345
4342
4329
4323
4319
4308
4302
4301
4293
4270
4263
4262
4255
4246
4237
4216
4214
4213
4201
4197
4178
4175
4165
4162
4155
4151
4129
4124
4123
4102
4086
4082
4080
4068
4065
4064
4047
4034
4017
4005
3998
3995
3983
3976
3971
3968
3957
3947
3943
3940
3926
3923
3922
3920
3910
3901
3898
3896
3843
3830
3829
3826
3814
3813
3803
3796
3787
3781
3778
3770
3757
3754
3753
3743
3718
3716
3712
3707
3698
3697
3688
3682
3671
3663
3648
3627
3622
3620
3619
3599
3593
3583
3576
3575
3569
3560
3553
3543
3541
3532
3529
3525
3520
3518
3515
3514
3510
3506
3503
3495
3490
3487
3485
3477
3466
3465
3459
3451
3447
3444
3442
3417
3390
3385
3377
3373
3337
3321
3319
3311
3304
3302
3301
3297
3293
3288
3286
3273
3263
3261
3260
3242
3241
3240
3224
3209
3190
3189
3187
3181
3177
3174
3171
3170
3166
3163
3149
3148
3143
3142
3140
3138
3128
3125
3114
3104
3102
3099
3091
3087
3064
3054
3039
3016
3007
