405
15000
8811
8725
8707
8576
8527
8470
8308
8246
8216
8098
8075
8069
7982
7952
7882
7778
7727
7628
7582
7569
7547
7537
7530
7518
7513
7503
7500
7456
7434
7430
7423
7407
7386
7359
7358
7307
7261
7251
7208
7204
7201
7198
7190
7152
7133
7127
7112
7110
7099
7098
7095
7084
7062
7055
7030
7020
7013
6999
6991
6939
6934
6924
6919
6823
6796
6747
6730
6724
6684
6679
6676
6643
6597
6579
6532
6500
6485
6483
6472
6470
6469
6450
6389
6379
6368
6348
6336
6317
6315
6280
6208
6189
6182
6159
6137
6121
6119
6115
6103
6102
6099
6062
6052
6051
6033
6009
5993
5990
5957
5955
5953
5927
5922
5887
5883
5882
5867
5851
5816
5774
5724
5710
5691
5667
5646
5643
5636
5624
5604
5599
5577
5562
5536
5533
5530
5525
5486
5484
5479
5472
5467
5453
5443
5432
5402
5346
5336
5326
5282
5257
5254
5252
5239
5185
5158
5155
5142
5131
5122
5120
5113
5097
5069
5068
5055
5052
5037
5034
5020
5019
4998
4987
4982
4980
4974
4956
4941
4928
4922
4909
4886
4873
4869
4865
4864
4837
4828
4822
4804
4795
4789
4759
4758
4747
4746
4745
4743
4742
4740
4734
4729
4717
4703
4700
4699
4696
4684
4678
4671
4667
4644
4636
4617
4608
4594
4593
4571
4533
4510
4507
4501
4482
4481
4479
4466
4439
4437
4424
4420
4419
4416
4402
4383
4378
4372
4371
4367
4365
4326
4324
4320
4314
4311
4300
4284
4283
4276
4271
4257
4254
4246
4238
4227
4226
4211
4208
4206
4184
4156
4141
4139
4131
4123
4119
4115
4107
4085
4069
4057
4053
4046
4029
4026
4015
4013
4008
4000
3987
3982
3975
3972
3970
3962
3956
3946
3942
3934
3918
3915
3911
3884
3881
3868
3861
3857
3839
3835
3827
3823
3816
3799
3783
3777
3765
3763
3751
3746
3740
3739
3728
3725
3712
3704
3699
3683
3665
3663
3660
3651
3646
3644
3626
3622
3612
3599
3596
3593
3587
3577
3561
3552
3546
3530
3526
3522
3513
3510
3508
3506
3499
3497
3488
3481
3467
3458
3450
3437
3422
3418
3416
3414
3411
3404
3399
3397
3386
3379
3355
3341
3323
3320
3319
3312
3309
3306
3302
3294
3267
3255
3253
3249
3247
3242
3236
3234
3228
3225
3212
3207
3197
3195
3184
3171
3161
3159
3158
3156
3152
3150
3130
3128
3099
3098
3094
3064
3053
3047
3039
3037
3036
3026
3025
3003
3001
3000
