405
15000
8792
8567
8534
8533
8493
8405
8276
8233
8189
8153
8142
8062
8029
7954
7910
7886
7798
7792
7776
7704
7611
7592
7567
7542
7513
7397
7358
7267
7262
7232
7228
7203
7141
7130
7125
7119
7095
6989
6979
6971
6934
6932
6922
6905
6878
6859
6846
6820
6802
6759
6757
6756
6731
6729
6722
6591
6575
6532
6529
6525
6514
6502
6495
6493
6485
6473
6467
6456
6450
6427
6402
6393
6389
6385
6381
6365
6364
6344
6290
6237
6236
6222
6219
6209
6202
6179
6176
6161
6160
6118
6088
6081
6058
6034
6019
6010
5990
5989
5984
5954
5942
5941
5904
5892
5876
5866
5852
5831
5805
5798
5777
5771
5768
5767
5760
5720
5709
5704
5678
5675
5673
5660
5654
5635
5610
5584
5569
5566
5559
5554
5547
5540
5525
5502
5483
5481
5473
5461
5458
5450
5447
5433
5417
5410
5403
5400
5396
5375
5372
5362
5344
5339
5331
5314
5312
5307
5292
5286
5265
5248
5246
5244
5228
5226
5216
5211
5193
5187
5179
5177
5167
5152
5142
5129
5127
5122
5116
5100
5095
5084
5082
5057
5054
5046
5042
5006
5004
4998
4991
4973
4967
4958
4957
4955
4948
4938
4907
4893
4885
4880
4849
4847
4844
4825
4819
4799
4793
4788
4778
4768
4737
4731
4722
4721
4712
4711
4710
4684
4671
4665
4627
4616
4588
4585
4580
4572
4561
4552
4546
4536
4528
4524
4515
4500
4479
4472
4467
4462
4458
4457
4453
4425
4423
4420
4412
4403
4402
4395
4385
4369
4360
4355
4346
4333
4316
4296
4290
4288
4280
4270
4260
4254
4252
4240
4225
4201
4186
4178
4167
4160
4154
4136
4107
4093
4091
4089
4079
4075
4073
4069
4065
4056
4043
4041
4024
4023
4011
4006
4005
3991
3990
3987
3971
3967
3960
3927
3920
3906
3883
3873
3857
3854
3849
3838
3835
3834
3827
3826
3815
3795
3785
3777
3752
3740
3737
3732
3720
3705
3686
3671
3665
3661
3653
3652
3650
3638
3637
3636
3634
3628
3619
3614
3609
3601
3570
3558
3550
3540
3534
3531
3529
3527
3498
3485
3476
3462
3435
3420
3391
3387
3380
3372
3367
3362
3360
3358
3345
3333
3328
3323
3321
3319
3316
3306
3288
3277
3273
3250
3240
3238
3237
3235
3228
3203
3197
3194
3191
3190
3186
3185
3172
3168
3159
3158
3148
3145
3139
3131
3130
3123
3117
3113
3105
3087
3072
3067
3064
3062
3057
3054
3050
3031
3025
3021
3008
