405
15000
8765
8648
8506
8492
8412
8360
8317
8297
8234
8116
8095
8036
8024
7904
7843
7766
7717
7710
7701
7691
7651
7634
7624
7538
7526
7508
7496
7468
7437
7433
7424
7412
7372
7362
7359
7351
7346
7333
7329
7320
7298
7226
7217
7210
7163
7123
7035
6996
6964
6938
6873
6863
6859
6847
6821
6802
6794
6789
6773
6765
6736
6717
6716
6702
6689
6688
6636
6604
6489
6436
6433
6399
6379
6367
6366
6362
6341
6330
6327
6324
6309
6302
6294
6252
6248
6228
6213
6210
6209
6206
6194
6165
6161
6141
6128
6097
6096
6085
6082
6046
6005
5987
5973
5971
5963
5959
5951
5926
5855
5844
5813
5795
5787
5784
5771
5762
5758
5751
5747
5718
5708
5689
5680
5666
5640
5632
5614
5613
5585
5579
5566
5564
5563
5552
5551
5540
5533
5522
5515
5513
5485
5483
5473
5453
5451
5448
5447
5434
5427
5420
5419
5407
5400
5391
5380
5362
5355
5349
5263
5247
5208
5187
5163
5161
5144
5126
5101
5086
5073
5071
5068
5057
5020
5013
4984
4980
4971
4964
4961
4951
4923
4916
4912
4903
4899
4892
4888
4874
4863
4862
4848
4836
4833
4826
4808
4807
4805
4798
4787
4783
4766
4764
4760
4736
4717
4713
4707
4677
4668
4665
4659
4657
4637
4624
4622
4607
4604
4600
4575
4539
4525
4510
4502
4499
4498
4489
4480
4476
4470
4460
4449
4443
4425
4421
4418
4414
4391
4384
4383
4365
4358
4336
4328
4326
4310
4288
4273
4266
4255
4243
4233
4218
4192
4189
4187
4186
4185
4158
4148
4142
4138
4135
4122
4114
4111
4099
4091
4081
4077
4073
4059
4046
4035
4030
4024
4012
4000
3999
3996
3964
3963
3959
3954
3953
3952
3943
3939
3933
3928
3926
3916
3894
3892
3872
3865
3863
3846
3842
3839
3816
3813
3812
3808
3799
3791
3790
3784
3779
3759
3757
3753
3749
3742
3737
3732
3727
3723
3721
3719
3686
3675
3655
3651
3646
3644
3643
3632
3631
3623
3617
3611
3608
3605
3598
3534
3528
3511
3493
3490
3484
3475
3462
3454
3452
3440
3436
3430
3427
3425
3419
3416
3411
3409
3389
3381
3380
3364
3362
3360
3357
3350
3345
3341
3331
3319
3314
3301
3295
3291
3289
3285
3260
3258
3250
3244
3237
3234
3231
3229
3214
3209
3207
3198
3193
3183
3177
3173
3146
3137
3130
3120
3118
3115
3088
3078
3076
3064
3058
3052
3039
3028
3023
3016
3012
3001
