405
15000
8881
8853
8760
8691
8500
8460
8439
8206
8056
8029
7799
7660
7611
7565
7542
7506
7503
7497
7494
7436
7432
7426
7420
7401
7397
7377
7353
7340
7339
7289
7288
7260
7199
7190
7188
7169
7151
7150
7065
7061
6988
6909
6902
6838
6823
6818
6809
6808
6802
6799
6795
6792
6782
6777
6773
6766
6758
6732
6710
6709
6691
6655
6632
6610
6601
6598
6587
6551
6532
6500
6491
6464
6460
6458
6430
6417
6408
6397
6396
6388
6352
6319
6302
6296
6262
6210
6180
6171
6166
6147
6120
6096
6095
6093
6085
6079
6042
5998
5989
5981
5955
5950
5949
5937
5936
5918
5913
5896
5891
5890
5880
5862
5856
5814
5809
5808
5779
5768
5726
5709
5706
5702
5697
5682
5670
5657
5628
5622
5580
5556
5544
5542
5535
5526
5480
5448
5447
5435
5420
5406
5401
5392
5388
5360
5355
5350
5335
5333
5318
5307
5287
5278
5276
5261
5250
5237
5235
5233
5230
5226
5219
5208
5202
5170
5148
5144
5140
5131
5129
5125
5112
5098
5093
5087
5083
5076
5075
5060
5059
5052
5019
4978
4966
4957
4948
4941
4925
4878
4876
4875
4860
4857
4837
4835
4829
4823
4821
4810
4801
4792
4779
4777
4774
4756
4746
4729
4728
4710
4703
4698
4687
4684
4675
4656
4653
4651
4638
4632
4629
4619
4618
4617
4610
4599
4591
4582
4555
4553
4532
4517
4514
4509
4506
4499
4472
4469
4446
4439
4431
4415
4401
4397
4390
4368
4363
4343
4342
4332
4322
4295
4291
4286
4263
4257
4254
4251
4231
4229
4214
4202
4201
4198
4193
4186
4183
4181
4176
4164
4152
4150
4143
4139
4136
4125
4112
4106
4104
4095
4091
4090
4086
4072
4069
4066
4051
4050
4029
4025
4010
4003
4002
3999
3980
3977
3966
3964
3949
3939
3932
3928
3927
3922
3906
3903
3890
3885
3879
3871
3868
3832
3825
3815
3811
3791
3784
3776
3772
3763
3754
3753
3733
3732
3722
3690
3679
3675
3664
3654
3648
3634
3617
3613
3589
3567
3559
3550
3548
3547
3531
3529
3516
3513
3495
3490
3484
3481
3473
3468
3460
3459
3455
3435
3421
3417
3413
3409
3407
3404
3377
3373
3370
3368
3366
3355
3352
3343
3337
3333
3325
3315
3302
3275
3271
3267
3265
3264
3239
3232
3207
3197
3191
3177
3175
3161
3155
3154
3144
3135
3123
3122
3119
3114
3113
3106
3102
3093
3082
3071
3065
3025
3021
3007
3006
3003
3002
