405
15000
8939
8758
8636
8312
8218
8167
8090
8037
7956
7856
7792
7769
7754
7720
7672
7662
7516
7499
7439
7429
7362
7269
7137
7128
7052
7008
6963
6962
6947
6938
6934
6930
6926
6895
6882
6880
6874
6859
6832
6822
6815
6814
6792
6785
6783
6766
6755
6744
6701
6696
6664
6645
6624
6605
6604
6576
6547
6543
6489
6486
6484
6456
6445
6426
6414
6395
6393
6386
6374
6351
6347
6342
6315
6293
6267
6249
6244
6216
6209
6195
6187
6168
6153
6134
6117
6114
6111
6105
6100
6084
6078
6065
6061
6059
6037
6018
6003
5979
5978
5965
5945
5928
5917
5893
5864
5863
5861
5827
5824
5816
5793
5778
5756
5746
5724
5723
5714
5711
5702
5699
5662
5637
5616
5603
5582
5574
5563
5557
5547
5544
5496
5486
5483
5481
5475
5452
5436
5435
5428
5418
5407
5402
5400
5399
5395
5384
5375
5359
5345
5344
5330
5317
5313
5312
5311
5308
5306
5288
5285
5264
5235
5232
5225
5202
5181
5172
5171
5150
5145
5121
5111
5105
5104
5084
5071
5057
5043
5039
5030
5026
5024
5019
5016
5009
5002
4999
4986
4976
4974
4971
4965
4964
4959
4954
4941
4931
4917
4914
4912
4911
4908
4903
4855
4848
4841
4823
4819
4817
4800
4781
4775
4759
4750
4739
4736
4729
4727
4725
4717
4698
4660
4654
4651
4646
4642
4639
4624
4619
4609
4601
4599
4591
4588
4584
4568
4554
4542
4540
4527
4517
4515
4509
4498
4490
4487
4472
4460
4455
4441
4440
4428
4417
4413
4408
4406
4398
4397
4395
4393
4390
4389
4386
4374
4370
4369
4358
4357
4345
4343
4332
4285
4280
4278
4277
4265
4261
4220
4206
4173
4172
4164
4157
4152
4147
4143
4141
4131
4127
4126
4124
4120
4107
4096
4084
4080
4064
4056
4049
4032
4030
4019
4013
3996
3991
3985
3984
3955
3942
3931
3924
3917
3901
3863
3850
3845
3819
3816
3815
3804
3800
3794
3792
3780
3735
3731
3719
3708
3697
3680
3678
3662
3658
3637
3631
3610
3607
3603
3602
3599
3579
3573
3570
3565
3561
3535
3530
3523
3502
3481
3467
3464
3460
3453
3450
3433
3427
3414
3400
3398
3384
3379
3367
3362
3345
3344
3339
3313
3309
3297
3274
3265
3257
3256
3253
3241
3233
3232
3224
3219
3214
3194
3191
3174
3169
3166
3161
3156
3140
3131
3123
3122
3120
3114
3099
3084
3070
3065
3051
3050
3040
3025
3023
3021
3011
3005
