405
15000
8820
8684
8617
8582
8525
8433
8253
8201
7920
7879
7863
7857
7824
7782
7745
7721
7695
7672
7661
7648
7625
7581
7554
7545
7542
7539
7499
7483
7466
7433
7399
7375
7357
7315
7261
7222
7123
7115
7112
7084
7060
6995
6987
6979
6976
6931
6924
6914
6888
6887
6856
6758
6757
6739
6697
6682
6671
6622
6610
6603
6599
6570
6521
6487
6476
6472
6450
6437
6428
6403
6397
6360
6351
6348
6345
6331
6324
6310
6300
6274
6262
6255
6245
6244
6223
6201
6179
6171
6168
6135
6098
6075
6041
6040
6018
6010
6005
5991
5986
5978
5953
5951
5923
5912
5901
5894
5879
5876
5869
5864
5850
5837
5830
5805
5799
5757
5753
5742
5734
5708
5702
5699
5693
5687
5674
5669
5666
5620
5601
5590
5587
5545
5534
5526
5511
5509
5507
5482
5479
5463
5461
5427
5408
5382
5378
5359
5352
5345
5338
5331
5316
5315
5300
5282
5276
5275
5270
5269
5263
5240
5217
5216
5196
5195
5188
5157
5145
5132
5118
5108
5079
5069
5068
5060
5045
5043
5039
5036
5034
5032
5020
5013
4987
4982
4977
4973
4971
4966
4960
4957
4956
4949
4944
4927
4912
4889
4883
4882
4865
4862
4846
4842
4835
4829
4813
4801
4799
4781
4749
4747
4742
4717
4712
4710
4698
4695
4668
4658
4650
4646
4639
4622
4620
4598
4594
4586
4581
4579
4568
4566
4560
4524
4513
4506
4505
4501
4483
4477
4466
4464
4446
4439
4425
4416
4401
4374
4371
4368
4366
4347
4345
4342
4338
4323
4312
4305
4271
4263
4262
4257
4251
4246
4212
4202
4179
4157
4145
4127
4115
4099
4097
4084
4081
4056
4050
4024
4022
4021
4006
4003
3975
3974
3956
3953
3938
3935
3928
3916
3908
3897
3893
3890
3888
3876
3857
3854
3850
3836
3831
3814
3810
3796
3774
3771
3768
3750
3745
3734
3726
3722
3720
3719
3718
3715
3710
3704
3701
3648
3631
3615
3614
3611
3606
3604
3597
3595
3594
3593
3592
3590
3589
3581
3579
3576
3562
3554
3551
3544
3541
3535
3534
3533
3520
3513
3493
3487
3464
3462
3455
3450
3445
3422
3419
3415
3396
3387
3374
3369
3368
3363
3359
3345
3344
3335
3334
3330
3329
3323
3311
3309
3301
3297
3295
3283
3273
3262
3251
3249
3246
3241
3238
3231
3230
3228
3224
3221
3213
3211
3208
3204
3199
3195
3186
3178
3169
3101
3100
3095
3080
3061
3060
3054
3041
3016
3003
