405
15000
8766
8615
8553
8519
8475
8397
8316
8243
8129
8121
8019
7973
7906
7900
7874
7695
7694
7674
7615
7590
7588
7525
7469
7326
7307
7304
7293
7266
7252
7225
7212
7207
7198
7188
7174
7139
7132
7126
7106
7105
7094
7087
7069
7058
7047
7044
7042
6970
6928
6921
6902
6883
6870
6837
6805
6800
6770
6762
6742
6734
6725
6715
6708
6663
6657
6641
6612
6611
6592
6589
6585
6548
6504
6498
6494
6475
6449
6433
6430
6425
6365
6340
6332
6302
6298
6295
6282
6278
6270
6267
6263
6248
6241
6237
6232
6224
6220
6154
6145
6142
6138
6118
6097
6069
6062
6045
6002
5987
5970
5946
5920
5916
5915
5911
5903
5856
5855
5850
5832
5816
5814
5812
5805
5797
5794
5788
5733
5713
5710
5707
5696
5688
5685
5678
5663
5625
5624
5617
5607
5602
5583
5551
5538
5508
5480
5459
5444
5438
5435
5432
5412
5404
5398
5394
5387
5358
5355
5349
5344
5338
5334
5309
5295
5251
5249
5227
5225
5217
5210
5197
5192
5185
5182
5162
5153
5149
5133
5126
5112
5096
5086
5082
5074
5034
5029
5028
5018
4994
4990
4985
4978
4939
4890
4875
4840
4824
4793
4766
4763
4744
4734
4731
4730
4708
4706
4703
4697
4684
4678
4667
4651
4643
4637
4604
4580
4578
4563
4543
4540
4538
4514
4504
4492
4489
4473
4469
4461
4457
4452
4434
4414
4400
4387
4381
4380
4372
4365
4358
4356
4331
4310
4280
4263
4250
4248
4241
4233
4223
4202
4201
4199
4192
4161
4155
4150
4125
4121
4105
4103
4099
4087
4074
4061
4045
4030
4027
4023
4020
4009
4006
3996
3988
3986
3982
3980
3969
3954
3952
3947
3926
3923
3915
3914
3911
3904
3879
3874
3871
3869
3860
3854
3841
3835
3834
3833
3825
3814
3806
3803
3797
3793
3785
3784
3776
3758
3751
3746
3745
3744
3732
3720
3717
3716
3664
3661
3645
3640
3634
3633
3632
3628
3626
3611
3606
3601
3586
3583
3581
3578
3577
3563
3561
3558
3553
3525
3519
3501
3500
3499
3493
3486
3446
3445
3423
3416
3414
3411
3403
3394
3392
3383
3380
3375
3373
3366
3364
3335
3331
3326
3318
3317
3314
3298
3283
3278
3270
3268
3264
3263
3260
3257
3253
3252
3248
3244
3238
3237
3217
3214
3208
3204
3191
3184
3174
3161
3145
3136
3133
3119
3100
3098
3096
3084
3074
3054
3051
3050
3049
3038
3036
3026
3015
3013
3007
3005
