405
15000
8757
8678
8585
8384
8380
8354
8071
8030
7976
7964
7913
7874
7776
7689
7662
7481
7448
7422
7396
7393
7389
7356
7351
7335
7277
7249
7196
7135
7106
7089
7084
7063
7009
7003
7002
6978
6961
6925
6884
6878
6865
6846
6821
6796
6757
6747
6746
6738
6721
6712
6665
6662
6625
6616
6603
6592
6590
6566
6558
6548
6541
6527
6518
6505
6488
6475
6469
6453
6448
6441
6431
6405
6394
6392
6381
6359
6357
6302
6286
6261
6197
6195
6179
6157
6152
6151
6146
6143
6131
6084
6062
6051
6028
6004
5979
5959
5957
5948
5940
5938
5937
5919
5918
5880
5875
5870
5846
5845
5823
5813
5808
5799
5789
5779
5767
5761
5754
5738
5733
5723
5718
5709
5708
5707
5703
5684
5680
5670
5664
5644
5638
5635
5628
5620
5616
5614
5613
5592
5578
5568
5515
5507
5501
5496
5480
5473
5465
5454
5444
5434
5431
5415
5373
5353
5344
5343
5326
5322
5287
5272
5256
5250
5249
5244
5240
5238
5232
5218
5214
5192
5191
5182
5175
5165
5161
5152
5149
5132
5130
5116
5104
5066
5043
5033
5021
5014
5011
5008
5005
5004
4995
4990
4977
4961
4960
4959
4950
4908
4903
4895
4853
4851
4846
4838
4835
4820
4815
4806
4804
4787
4755
4754
4727
4726
4701
4700
4692
4676
4668
4636
4635
4591
4590
4588
4585
4584
4580
4571
4570
4562
4535
4532
4531
4514
4509
4482
4467
4466
4462
4440
4439
4424
4417
4416
4403
4398
4392
4389
4386
4381
4366
4354
4345
4333
4310
4302
4285
4278
4261
4253
4248
4246
4240
4230
4219
4216
4211
4208
4199
4186
4162
4153
4131
4130
4128
4124
4110
4107
4092
4085
4084
4076
4071
4064
4059
4044
4041
4035
4018
4014
4010
4003
3998
3980
3963
3961
3959
3957
3943
3942
3928
3917
3909
3902
3900
3898
3897
3888
3882
3871
3864
3848
3844
3801
3798
3790
3785
3769
3760
3748
3727
3719
3718
3681
3670
3619
3611
3609
3597
3596
3595
3591
3589
3585
3584
3568
3565
3563
3562
3532
3527
3521
3516
3503
3500
3499
3492
3488
3466
3463
3445
3440
3423
3389
3388
3387
3383
3375
3371
3366
3358
3356
3353
3347
3341
3333
3328
3306
3301
3294
3293
3287
3282
3276
3265
3259
3248
3241
3226
3216
3210
3209
3185
3182
3175
3168
3167
3156
3154
3150
3139
3117
3114
3079
3075
3064
3052
3045
3031
3029
3024
3022
3020
3017
3016
