405
15000
8621
8575
8495
8267
8261
8233
8214
8192
8151
8141
8092
8061
8055
7987
7943
7845
7810
7789
7785
7734
7712
7706
7699
7670
7658
7591
7581
7567
7541
7533
7501
7426
7402
7401
7377
7349
7317
7306
7279
7276
7204
7153
7146
7126
7105
7098
7061
7043
6998
6997
6968
6956
6945
6944
6895
6835
6830
6821
6819
6767
6761
6729
6706
6679
6671
6665
6657
6647
6621
6603
6571
6570
6555
6513
6490
6481
6463
6444
6389
6384
6356
6339
6329
6298
6289
6283
6270
6242
6206
6205
6178
6177
6166
6141
6133
6128
6106
6058
6051
6037
5993
5986
5981
5965
5958
5942
5933
5927
5905
5901
5899
5896
5887
5873
5872
5823
5817
5785
5782
5755
5754
5747
5710
5701
5693
5684
5677
5672
5663
5657
5654
5642
5625
5622
5618
5617
5609
5605
5603
5531
5528
5523
5510
5485
5481
5471
5457
5408
5393
5383
5372
5358
5353
5352
5321
5317
5303
5296
5292
5276
5273
5258
5255
5245
5230
5216
5201
5194
5187
5160
5148
5140
5121
5097
5085
5084
5068
5065
5049
5045
5014
4981
4966
4961
4921
4910
4904
4896
4888
4874
4870
4869
4868
4863
4861
4856
4841
4827
4822
4820
4819
4807
4779
4729
4720
4718
4716
4705
4680
4642
4638
4615
4603
4594
4579
4568
4562
4560
4559
4549
4539
4532
4527
4519
4510
4504
4487
4486
4480
4467
4466
4454
4441
4436
4430
4420
4414
4407
4396
4386
4384
4357
4347
4329
4326
4324
4280
4278
4261
4258
4231
4193
4192
4184
4164
4156
4154
4142
4130
4129
4111
4102
4091
4090
4074
4053
4052
4030
4017
4006
4003
4002
3984
3960
3951
3950
3933
3927
3912
3894
3893
3889
3882
3881
3880
3874
3865
3862
3848
3830
3829
3817
3810
3809
3806
3789
3770
3756
3744
3738
3735
3726
3715
3712
3709
3698
3696
3682
3681
3677
3662
3649
3648
3632
3624
3623
3621
3612
3609
3578
3576
3566
3555
3549
3544
3534
3529
3524
3519
3515
3513
3508
3493
3491
3485
3464
3443
3441
3433
3426
3425
3410
3405
3402
3395
3394
3392
3379
3377
3374
3373
3365
3360
3345
3344
3340
3337
3335
3326
3325
3323
3317
3308
3292
3280
3278
3274
3271
3269
3266
3265
3260
3256
3242
3233
3228
3227
3223
3222
3219
3216
3210
3204
3200
3187
3182
3161
3132
3131
3119
3116
3114
3110
3109
3102
3088
3081
3066
3056
3055
3052
3021
3020
3017
3001
