405
15000
8728
8631
8586
8564
8422
8383
8342
8238
8221
8188
8168
8017
8013
8008
7985
7982
7956
7953
7916
7914
7868
7818
7804
7790
7766
7764
7721
7716
7666
7612
7608
7599
7574
7540
7504
7502
7488
7470
7468
7378
7306
7258
7255
7207
7170
7163
7149
7091
7084
7072
7070
6980
6973
6944
6932
6930
6929
6928
6888
6865
6812
6696
6695
6682
6662
6625
6616
6570
6564
6536
6449
6429
6420
6390
6365
6348
6301
6288
6277
6241
6208
6191
6130
6126
6113
6098
6092
6084
6082
6068
6065
6061
6040
6035
6013
6006
6002
5960
5892
5880
5877
5862
5843
5834
5833
5827
5825
5810
5801
5795
5743
5702
5700
5686
5680
5677
5660
5605
5603
5591
5575
5547
5544
5541
5535
5512
5495
5492
5477
5475
5470
5464
5451
5444
5425
5418
5417
5416
5405
5395
5381
5358
5345
5330
5329
5314
5306
5294
5289
5285
5283
5273
5265
5230
5225
5217
5212
5201
5199
5196
5183
5180
5166
5165
5157
5154
5134
5130
5111
5105
5102
5093
5092
5084
5076
5074
5072
5052
5047
5038
5011
5009
4998
4995
4975
4957
4942
4934
4933
4931
4918
4905
4900
4896
4870
4855
4847
4846
4840
4825
4790
4789
4784
4774
4773
4770
4767
4757
4755
4750
4742
4739
4732
4726
4715
4706
4701
4693
4659
4655
4653
4634
4625
4607
4598
4593
4579
4552
4551
4515
4508
4505
4502
4496
4481
4457
4448
4393
4379
4376
4371
4361
4358
4339
4335
4322
4312
4298
4297
4293
4257
4253
4233
4224
4213
4210
4203
4201
4197
4189
4178
4174
4139
4137
4132
4131
4115
4110
4105
4086
4067
4065
4061
4042
4038
4030
4024
4013
4003
3996
3978
3975
3955
3953
3947
3942
3941
3928
3912
3893
3891
3883
3882
3865
3862
3853
3838
3837
3814
3811
3810
3797
3782
3778
3773
3765
3741
3736
3720
3712
3706
3697
3687
3675
3658
3657
3652
3643
3629
3627
3623
3620
3599
3597
3562
3551
3539
3515
3514
3510
3506
3492
3488
3485
3482
3471
3465
3458
3447
3445
3440
3424
3418
3406
3405
3402
3398
3394
3388
3386
3385
3382
3374
3364
3360
3343
3342
3341
3337
3335
3329
3328
3318
3312
3306
3304
3299
3282
3277
3255
3247
3245
3236
3235
3233
3226
3196
3193
3190
3177
3176
3175
3164
3151
3150
3144
3138
3136
3135
3133
3124
3119
3117
3116
3092
3085
3073
3072
3055
3041
3037
3036
3031
3010
3000
