405
15000
8711
8694
8631
8629
8522
8466
8443
8377
8310
8262
8241
8154
8131
8117
8030
8013
7971
7955
7937
7931
7929
7833
7773
7713
7711
7678
7669
7668
7640
7629
7586
7563
7553
7538
7512
7508
7494
7469
7462
7445
7421
7418
7409
7406
7368
7350
7349
7286
7266
7261
7237
7218
7212
7139
7078
7030
6900
6896
6890
6862
6861
6848
6845
6809
6801
6771
6726
6675
6654
6585
6582
6568
6562
6542
6528
6517
6488
6478
6402
6394
6389
6372
6335
6330
6327
6321
6319
6313
6311
6297
6288
6274
6228
6212
6199
6190
6157
6139
6130
6119
6091
6089
6048
6045
5977
5968
5967
5954
5931
5925
5924
5870
5805
5803
5799
5769
5768
5740
5716
5711
5704
5697
5670
5636
5630
5629
5627
5624
5610
5580
5579
5570
5567
5566
5556
5548
5542
5520
5475
5474
5468
5444
5426
5421
5407
5404
5367
5361
5357
5349
5318
5308
5297
5267
5265
5257
5221
5211
5210
5170
5163
5114
5112
5105
5091
5062
5059
5051
5036
5033
5026
5011
4987
4943
4915
4913
4897
4896
4876
4862
4846
4843
4838
4834
4832
4786
4776
4773
4771
4746
4724
4722
4720
4718
4715
4713
4704
4682
4673
4652
4643
4634
4612
4605
4603
4598
4597
4582
4578
4568
4556
4550
4546
4545
4536
4535
4530
4502
4496
4481
4476
4474
4465
4441
4425
4421
4413
4407
4397
4388
4385
4367
4363
4351
4349
4341
4319
4312
4310
4309
4298
4294
4277
4276
4270
4267
4251
4250
4247
4234
4230
4228
4205
4194
4174
4168
4154
4148
4144
4140
4133
4097
4091
4068
4067
4066
4063
4052
4035
4031
4027
4008
4002
4000
3999
3985
3984
3946
3932
3927
3908
3905
3902
3898
3896
3894
3886
3883
3879
3878
3871
3851
3845
3844
3831
3822
3806
3804
3792
3789
3783
3773
3768
3766
3762
3738
3734
3719
3717
3710
3707
3700
3696
3686
3674
3673
3662
3651
3650
3649
3644
3631
3622
3599
3579
3574
3572
3569
3564
3554
3542
3518
3503
3500
3483
3482
3454
3434
3429
3420
3399
3393
3390
3371
3369
3361
3359
3348
3342
3329
3327
3326
3315
3307
3305
3304
3303
3301
3287
3285
3283
3280
3277
3273
3258
3243
3242
3241
3225
3220
3219
3212
3207
3199
3195
3190
3179
3167
3152
3145
3138
3137
3109
3099
3097
3094
3091
3084
3079
3078
3066
3065
3064
3063
3058
3054
3052
3044
3032
3029
3021
3019
3017
3002
3001
