405
15000
8616
8577
8528
8518
8517
8514
8417
8343
8210
8167
8074
8013
8007
7956
7938
7878
7876
7830
7824
7818
7811
7801
7790
7708
7698
7652
7581
7570
7565
7556
7553
7541
7489
7441
7429
7387
7370
7359
7307
7283
7280
7279
7261
7257
7172
7152
7092
7066
6962
6960
6930
6928
6837
6819
6816
6794
6782
6763
6705
6689
6683
6678
6636
6633
6629
6621
6591
6589
6575
6558
6557
6449
6442
6431
6388
6372
6368
6245
6239
6232
6227
6202
6185
6183
6160
6158
6133
6130
6086
6083
6078
6075
6073
6069
6053
6026
6018
5975
5972
5955
5949
5945
5940
5938
5932
5931
5922
5908
5886
5870
5862
5850
5847
5838
5836
5815
5814
5796
5791
5754
5752
5746
5745
5713
5707
5702
5674
5650
5638
5637
5624
5616
5610
5606
5586
5583
5578
5564
5546
5545
5540
5528
5520
5513
5494
5491
5490
5489
5469
5464
5454
5445
5427
5408
5407
5394
5389
5385
5370
5366
5347
5326
5318
5309
5307
5291
5254
5241
5222
5219
5217
5185
5180
5171
5162
5158
5156
5150
5142
5136
5114
5090
5087
5084
5071
5043
5033
5017
5012
4956
4934
4918
4914
4877
4873
4859
4857
4849
4843
4830
4814
4765
4742
4728
4712
4695
4689
4671
4648
4634
4624
4610
4609
4598
4591
4534
4533
4521
4505
4503
4501
4492
4479
4443
4436
4432
4378
4361
4352
4348
4347
4339
4318
4306
4297
4292
4280
4256
4236
4227
4222
4198
4196
4192
4183
4182
4180
4179
4170
4165
4159
4158
4151
4146
4135
4127
4125
4119
4112
4105
4102
4084
4068
4064
4043
4042
4035
4025
4019
4016
4014
4006
3999
3998
3997
3995
3984
3983
3964
3950
3941
3928
3912
3910
3908
3900
3896
3892
3888
3883
3862
3861
3857
3854
3844
3812
3795
3780
3775
3765
3745
3737
3725
3718
3712
3704
3698
3691
3679
3674
3661
3660
3659
3640
3638
3634
3630
3625
3619
3618
3611
3605
3604
3585
3563
3562
3559
3558
3539
3509
3503
3492
3489
3485
3480
3476
3475
3467
3463
3460
3458
3449
3437
3434
3433
3431
3427
3415
3399
3377
3375
3371
3366
3350
3347
3344
3336
3335
3333
3328
3327
3323
3320
3317
3313
3307
3304
3300
3291
3289
3288
3279
3276
3275
3269
3255
3250
3239
3232
3227
3219
3212
3204
3195
3194
3192
3183
3170
3169
3160
3137
3133
3131
3106
3096
3093
3079
3078
3061
3059
3057
3049
3046
3041
3003
