405
15000
8541
8358
8320
8259
8183
8132
8130
8089
8031
7992
7935
7916
7901
7885
7791
7714
7677
7640
7619
7605
7588
7569
7560
7428
7424
7396
7350
7294
7275
7256
7209
7190
7158
7155
7146
7125
7121
7114
7090
7089
7073
7025
7001
6984
6964
6952
6949
6857
6855
6820
6782
6764
6743
6727
6714
6684
6675
6659
6642
6633
6542
6538
6517
6497
6406
6394
6371
6369
6345
6329
6286
6278
6277
6246
6243
6230
6225
6219
6208
6188
6181
6172
6149
6124
6116
6092
6078
6073
6072
6053
6013
5988
5981
5950
5935
5926
5920
5915
5899
5893
5886
5872
5869
5862
5847
5838
5795
5793
5790
5788
5782
5772
5767
5748
5735
5729
5723
5698
5688
5681
5659
5656
5654
5651
5633
5630
5625
5617
5593
5583
5579
5562
5556
5553
5552
5531
5529
5527
5522
5492
5490
5481
5479
5476
5474
5444
5412
5403
5396
5385
5381
5369
5326
5318
5311
5309
5307
5306
5304
5291
5272
5252
5248
5224
5217
5186
5163
5162
5145
5144
5127
5126
5125
5116
5095
5091
5087
5086
5081
5078
5042
5021
5017
5016
5014
5003
4989
4977
4976
4973
4957
4955
4942
4936
4910
4905
4893
4891
4890
4884
4879
4857
4843
4824
4816
4770
4768
4761
4758
4753
4739
4731
4721
4718
4709
4708
4707
4683
4677
4667
4666
4663
4638
4633
4618
4616
4567
4565
4555
4550
4549
4546
4532
4531
4525
4508
4496
4489
4488
4477
4476
4470
4467
4431
4426
4419
4415
4410
4384
4379
4378
4359
4329
4326
4305
4299
4282
4267
4247
4246
4238
4207
4204
4189
4180
4164
4150
4146
4132
4127
4123
4122
4114
4113
4091
4086
4066
4056
4051
4049
4048
4045
4043
4035
4033
4009
4005
4002
3982
3971
3968
3943
3941
3906
3905
3903
3902
3898
3894
3886
3885
3873
3852
3849
3848
3839
3834
3808
3802
3788
3776
3771
3762
3748
3745
3740
3736
3732
3731
3720
3720
3719
3703
3696
3695
3693
3676
3675
3674
3673
3649
3640
3630
3618
3607
3596
3593
3585
3580
3578
3573
3559
3558
3553
3540
3538
3534
3519
3514
3485
3484
3481
3461
3454
3442
3440
3437
3432
3423
3385
3381
3377
3367
3365
3360
3348
3344
3343
3337
3336
3322
3317
3295
3279
3258
3257
3248
3246
3244
3243
3241
3238
3237
3236
3233
3226
3220
3201
3193
3177
3172
3166
3160
3124
3095
3092
3088
3059
3034
3032
3030
3019
3017
3007
3001
