405
15000
8590
8565
8350
8299
8225
7980
7954
7859
7847
7838
7827
7795
7789
7618
7562
7547
7525
7510
7459
7457
7404
7362
7360
7352
7348
7253
7218
7209
7174
7173
7162
7158
7144
7137
7119
7112
7053
7050
7035
7017
7015
7003
6997
6995
6988
6980
6977
6974
6973
6971
6934
6899
6855
6854
6826
6739
6737
6716
6689
6688
6677
6660
6608
6580
6570
6565
6553
6541
6533
6499
6464
6450
6448
6445
6428
6422
6417
6390
6352
6347
6342
6340
6332
6326
6317
6304
6289
6264
6259
6256
6253
6251
6228
6197
6192
6185
6180
6177
6170
6157
6145
6124
6118
6111
6075
6057
6028
6010
5999
5984
5967
5918
5837
5832
5824
5818
5815
5813
5807
5759
5757
5707
5695
5669
5665
5660
5655
5654
5651
5648
5647
5617
5614
5611
5608
5604
5593
5577
5571
5565
5553
5545
5540
5535
5508
5501
5500
5487
5481
5478
5477
5398
5386
5363
5359
5318
5314
5307
5303
5293
5220
5219
5210
5192
5181
5170
5168
5147
5124
5115
5106
5089
5086
5065
5063
5050
5048
5043
5032
5021
5004
5000
4991
4990
4968
4945
4932
4906
4899
4896
4891
4887
4882
4871
4866
4865
4851
4843
4820
4814
4813
4798
4794
4792
4789
4750
4738
4729
4702
4695
4685
4681
4676
4666
4664
4660
4651
4646
4636
4624
4614
4603
4593
4568
4562
4558
4553
4519
4485
4480
4472
4470
4460
4451
4449
4432
4423
4410
4399
4396
4382
4368
4362
4350
4339
4334
4331
4330
4327
4320
4297
4289
4275
4272
4266
4265
4237
4229
4215
4213
4199
4197
4183
4181
4172
4168
4141
4139
4132
4130
4117
4116
4114
4109
4108
4073
4062
4043
4039
4035
4024
4017
4008
3997
3986
3964
3954
3944
3942
3926
3920
3916
3910
3908
3903
3890
3877
3874
3867
3864
3858
3857
3848
3844
3840
3822
3808
3805
3804
3799
3794
3781
3780
3772
3769
3768
3767
3752
3731
3718
3717
3695
3686
3678
3676
3666
3653
3650
3641
3633
3601
3568
3553
3552
3541
3538
3529
3528
3525
3515
3508
3500
3494
3456
3453
3443
3423
3422
3421
3418
3412
3404
3397
3394
3384
3358
3354
3347
3320
3317
3315
3303
3300
3297
3294
3280
3277
3260
3256
3253
3251
3246
3235
3227
3225
3220
3213
3179
3176
3171
3169
3161
3157
3155
3135
3133
3131
3130
3129
3122
3118
3117
3109
3098
3097
3066
3064
3051
3049
3048
3036
3035
3022
3015
3013
