405
15000
8648
8606
8526
8400
8215
8178
8155
8147
7993
7909
7879
7871
7862
7817
7814
7772
7766
7753
7724
7696
7680
7658
7651
7629
7627
7612
7606
7575
7571
7549
7523
7480
7475
7414
7400
7317
7296
7200
7188
7187
7171
7166
7147
7126
7110
7107
7094
7087
7082
7080
7054
7046
7042
7023
7019
6980
6943
6939
6920
6897
6893
6888
6841
6824
6787
6780
6776
6757
6743
6703
6701
6654
6638
6624
6608
6589
6575
6572
6561
6536
6529
6518
6483
6471
6470
6455
6439
6432
6430
6411
6405
6359
6305
6301
6281
6222
6182
6174
6112
6089
6085
6069
6014
6009
6002
5965
5961
5943
5935
5931
5927
5922
5916
5901
5884
5871
5869
5868
5855
5837
5826
5820
5819
5805
5782
5780
5774
5759
5728
5726
5701
5697
5632
5626
5579
5554
5531
5527
5517
5513
5508
5436
5432
5397
5395
5360
5353
5333
5303
5300
5298
5244
5238
5217
5208
5205
5159
5154
5152
5137
5129
5119
5103
5093
5077
5061
5047
5044
5021
5020
5019
5017
4989
4987
4974
4958
4956
4951
4940
4939
4924
4918
4903
4890
4875
4874
4856
4849
4829
4790
4785
4782
4781
4735
4734
4708
4707
4695
4678
4652
4644
4641
4636
4621
4620
4608
4603
4602
4600
4592
4579
4534
4525
4524
4523
4506
4500
4495
4446
4421
4409
4376
4366
4350
4340
4336
4325
4316
4313
4310
4300
4296
4294
4283
4282
4279
4273
4271
4259
4254
4253
4245
4237
4234
4233
4210
4208
4206
4204
4203
4192
4177
4165
4164
4159
4157
4155
4152
4141
4140
4139
4131
4122
4116
4112
4092
4084
4082
4073
4062
4060
4047
4042
4038
4036
4023
4017
4010
4004
4003
4002
3987
3978
3965
3964
3958
3942
3938
3937
3927
3924
3922
3906
3904
3886
3883
3877
3867
3864
3851
3832
3816
3812
3810
3790
3766
3761
3759
3756
3751
3748
3724
3721
3705
3685
3683
3656
3655
3648
3637
3625
3622
3617
3612
3594
3593
3581
3568
3553
3543
3528
3518
3515
3504
3497
3494
3488
3484
3473
3464
3428
3427
3418
3417
3406
3396
3395
3387
3370
3368
3359
3358
3357
3355
3354
3346
3343
3327
3326
3325
3312
3302
3301
3295
3290
3283
3274
3263
3262
3255
3251
3248
3243
3242
3238
3226
3221
3220
3217
3212
3210
3209
3205
3201
3197
3192
3191
3187
3185
3173
3164
3159
3157
3155
3139
3135
3129
3104
3089
3086
3082
3079
3078
3005
3004
