405
15000
8783
8455
8392
8310
8144
8118
7829
7806
7766
7670
7622
7596
7573
7568
7358
7351
7329
7301
7282
7210
7208
7196
7133
7104
7102
7097
7088
7048
7037
7033
7020
7004
6957
6938
6926
6923
6885
6865
6861
6850
6846
6824
6822
6776
6737
6690
6644
6615
6610
6586
6563
6547
6528
6524
6485
6454
6452
6451
6450
6448
6443
6438
6415
6409
6405
6402
6358
6306
6280
6275
6263
6211
6204
6197
6194
6175
6173
6160
6158
6155
6150
6120
6103
6102
6086
6080
6067
6048
6045
6044
6042
6040
6033
6017
6016
6010
6001
5995
5991
5974
5973
5954
5943
5912
5908
5891
5883
5871
5854
5835
5834
5819
5805
5785
5780
5755
5746
5741
5722
5719
5680
5675
5668
5645
5643
5628
5626
5607
5603
5599
5589
5588
5578
5571
5569
5554
5552
5547
5546
5525
5513
5508
5506
5505
5500
5464
5461
5423
5420
5419
5417
5414
5413
5381
5355
5352
5345
5332
5303
5298
5289
5284
5282
5277
5260
5226
5225
5191
5190
5160
5157
5150
5145
5138
5135
5129
5124
5074
5062
5060
5059
5049
5024
5020
5012
5010
5005
4971
4965
4947
4946
4929
4925
4910
4903
4902
4882
4864
4847
4841
4820
4796
4791
4785
4774
4770
4761
4754
4748
4746
4745
4743
4729
4727
4726
4725
4698
4697
4687
4684
4679
4671
4669
4643
4639
4637
4631
4602
4600
4587
4577
4570
4566
4564
4560
4558
4557
4553
4550
4544
4534
4523
4502
4500
4497
4495
4490
4480
4477
4475
4471
4464
4450
4445
4420
4414
4386
4370
4365
4364
4356
4329
4315
4312
4301
4299
4297
4296
4295
4285
4273
4262
4259
4258
4245
4227
4207
4199
4183
4180
4179
4166
4162
4155
4153
4152
4119
4118
4111
4110
4103
4099
4097
4096
4067
4051
4046
4042
4032
4012
4003
4002
3989
3982
3981
3979
3966
3944
3941
3929
3927
3925
3919
3918
3872
3866
3851
3827
3821
3818
3814
3812
3790
3782
3776
3763
3761
3729
3707
3676
3664
3654
3650
3647
3639
3618
3612
3595
3584
3576
3565
3564
3563
3560
3552
3545
3538
3533
3527
3514
3513
3508
3507
3497
3492
3476
3469
3456
3452
3438
3426
3417
3412
3410
3405
3399
3398
3382
3376
3369
3361
3344
3336
3334
3329
3326
3313
3277
3276
3270
3262
3232
3214
3205
3197
3196
3182
3171
3170
3151
3121
3107
3092
3084
3081
3078
3055
3051
3050
3047
3037
3032
3015
3002
3001
