405
15000
8933
8705
8591
8582
8530
8484
8242
7998
7920
7912
7902
7834
7707
7664
7642
7625
7574
7558
7554
7518
7454
7451
7423
7402
7399
7390
7350
7322
7273
7265
7257
7236
7233
7227
7211
7206
7200
7158
7128
7126
7125
7111
7064
6991
6976
6967
6921
6914
6906
6895
6880
6795
6765
6706
6689
6681
6658
6650
6645
6639
6631
6630
6601
6566
6561
6505
6484
6468
6441
6399
6385
6383
6366
6361
6346
6305
6302
6300
6289
6286
6256
6235
6232
6230
6211
6199
6184
6180
6130
6129
6115
6114
6113
6100
6074
6069
6066
6051
6030
6013
6005
5968
5966
5899
5895
5880
5872
5865
5853
5844
5841
5809
5805
5794
5766
5756
5707
5695
5693
5692
5691
5663
5646
5638
5622
5610
5609
5594
5590
5585
5580
5561
5546
5539
5509
5502
5493
5474
5464
5450
5431
5426
5402
5400
5385
5358
5356
5345
5344
5342
5338
5325
5323
5320
5293
5274
5272
5267
5253
5236
5190
5189
5182
5175
5169
5161
5158
5149
5148
5127
5115
5111
5101
5095
5086
5061
5056
5051
5046
5040
5028
5015
5010
5001
4992
4986
4982
4980
4976
4956
4932
4907
4874
4864
4842
4834
4833
4830
4821
4811
4792
4784
4780
4771
4762
4753
4740
4738
4723
4714
4678
4653
4648
4606
4595
4566
4562
4560
4558
4555
4545
4538
4535
4519
4516
4510
4504
4501
4490
4488
4480
4471
4465
4464
4443
4428
4427
4426
4424
4406
4396
4393
4386
4371
4368
4365
4364
4353
4351
4343
4342
4319
4310
4261
4257
4245
4240
4234
4225
4206
4204
4196
4189
4184
4179
4170
4146
4144
4140
4132
4129
4128
4103
4077
4074
4073
4072
4071
4066
4060
4046
4038
4036
4022
4005
4004
3996
3995
3987
3986
3982
3981
3978
3976
3973
3967
3964
3959
3936
3924
3884
3875
3866
3864
3860
3858
3849
3842
3840
3839
3826
3821
3811
3800
3793
3788
3783
3780
3776
3762
3753
3745
3743
3724
3717
3689
3683
3682
3675
3658
3654
3653
3647
3632
3631
3615
3605
3596
3584
3565
3555
3550
3549
3541
3540
3538
3521
3494
3484
3475
3474
3473
3461
3439
3430
3426
3397
3394
3384
3381
3378
3377
3375
3364
3341
3337
3331
3312
3308
3293
3286
3284
3280
3279
3268
3260
3254
3248
3240
3239
3223
3222
3212
3197
3195
3189
3172
3170
3160
3150
3139
3131
3090
3087
3086
3085
3082
3078
3076
3055
3030
3027
3014
3012
3002
