405
15000
8829
8564
8416
8407
8342
8300
8200
8092
8074
8019
7935
7886
7847
7672
7653
7616
7584
7574
7565
7521
7480
7412
7394
7334
7314
7288
7278
7256
7254
7248
7246
7183
7179
7177
7176
7122
7106
7104
7058
7043
7015
6999
6997
6987
6982
6981
6980
6942
6930
6899
6890
6880
6864
6859
6839
6817
6813
6806
6753
6739
6657
6636
6632
6627
6622
6604
6599
6566
6540
6538
6500
6480
6466
6433
6401
6396
6387
6315
6313
6302
6296
6289
6269
6266
6233
6232
6152
6128
6127
6106
6089
6086
6065
6053
6005
5987
5980
5977
5976
5965
5950
5943
5930
5929
5895
5867
5859
5853
5848
5835
5823
5775
5740
5730
5727
5718
5715
5709
5695
5694
5666
5643
5630
5629
5617
5611
5592
5578
5569
5564
5561
5557
5535
5529
5524
5518
5511
5505
5500
5491
5478
5474
5466
5460
5445
5410
5409
5390
5346
5341
5340
5322
5290
5288
5280
5266
5252
5243
5230
5216
5196
5192
5190
5176
5170
5143
5130
5128
5126
5117
5113
5094
5071
5069
5055
5033
5022
5020
5018
5014
4986
4975
4966
4956
4948
4936
4930
4922
4916
4892
4878
4874
4843
4835
4809
4803
4796
4784
4781
4744
4736
4729
4718
4713
4704
4696
4687
4680
4665
4663
4646
4640
4636
4629
4626
4619
4616
4614
4606
4605
4592
4590
4584
4569
4527
4522
4486
4473
4470
4451
4448
4443
4441
4432
4430
4426
4415
4410
4408
4406
4394
4382
4374
4367
4367
4357
4341
4328
4327
4326
4312
4304
4302
4301
4300
4299
4296
4288
4279
4277
4265
4252
4249
4238
4221
4217
4214
4212
4211
4203
4202
4201
4193
4190
4177
4169
4146
4110
4106
4098
4094
4093
4086
4076
4067
4065
4063
4053
4039
4031
4019
3998
3987
3985
3969
3960
3953
3948
3938
3935
3907
3905
3897
3881
3822
3811
3810
3804
3798
3796
3793
3784
3783
3780
3774
3773
3756
3754
3747
3731
3726
3724
3713
3697
3680
3674
3670
3665
3660
3658
3656
3650
3635
3634
3605
3598
3590
3589
3587
3585
3577
3569
3564
3559
3558
3542
3536
3532
3531
3529
3527
3515
3505
3503
3493
3484
3479
3468
3461
3445
3425
3413
3412
3397
3380
3371
3348
3312
3309
3301
3292
3274
3256
3249
3230
3226
3225
3223
3207
3189
3176
3146
3145
3143
3135
3128
3124
3115
3094
3079
3072
3065
3063
3058
3050
3047
3037
3033
3027
3025
3013
3012
3009
3004
3000
