405
15000
8813
8783
8519
8151
8079
8053
8034
7990
7973
7969
7966
7957
7854
7840
7736
7710
7676
7648
7591
7580
7531
7454
7442
7426
7387
7349
7319
7246
7238
7213
7206
7203
7150
7135
7125
7111
7100
7083
7079
7047
7046
7045
6984
6942
6927
6888
6858
6855
6842
6820
6804
6766
6754
6730
6709
6694
6658
6642
6640
6632
6621
6619
6585
6570
6555
6550
6533
6530
6476
6453
6443
6438
6432
6423
6396
6389
6388
6370
6364
6349
6346
6345
6337
6334
6314
6308
6303
6284
6282
6238
6204
6196
6158
6148
6128
6119
6098
6097
6074
6071
6047
6031
6017
6013
5998
5940
5938
5885
5879
5878
5864
5842
5821
5815
5790
5784
5778
5776
5734
5724
5701
5686
5676
5661
5651
5633
5621
5614
5598
5596
5592
5587
5584
5566
5554
5540
5535
5516
5484
5472
5462
5456
5440
5432
5429
5423
5402
5385
5381
5377
5340
5334
5317
5309
5295
5294
5276
5236
5222
5220
5213
5196
5194
5181
5164
5114
5097
5081
5077
5075
5074
5059
5056
5055
5050
5046
5027
5019
5016
5004
4997
4984
4976
4937
4931
4928
4925
4887
4885
4880
4869
4853
4847
4834
4827
4823
4818
4810
4789
4754
4751
4729
4726
4721
4708
4695
4694
4670
4669
4668
4667
4638
4626
4607
4606
4601
4594
4584
4583
4563
4560
4551
4549
4533
4515
4508
4505
4503
4477
4471
4459
4451
4449
4432
4430
4427
4411
4398
4395
4394
4392
4389
4372
4370
4359
4349
4347
4339
4332
4329
4320
4312
4311
4308
4298
4294
4233
4220
4219
4215
4198
4191
4189
4175
4173
4162
4161
4155
4153
4151
4144
4134
4120
4117
4115
4112
4101
4083
4080
4078
4075
4060
4055
4047
4042
4036
4034
4027
4023
4020
4011
4009
4004
3990
3982
3976
3975
3973
3972
3966
3956
3951
3874
3871
3869
3867
3864
3853
3843
3839
3833
3826
3817
3798
3788
3785
3784
3770
3762
3760
3759
3755
3753
3750
3745
3741
3733
3731
3674
3656
3655
3650
3642
3611
3609
3602
3598
3592
3590
3571
3567
3557
3549
3539
3531
3530
3527
3511
3503
3491
3490
3472
3457
3438
3429
3421
3381
3376
3361
3360
3357
3355
3331
3327
3316
3315
3301
3300
3292
3289
3277
3269
3262
3257
3250
3247
3220
3219
3214
3202
3200
3191
3189
3171
3162
3132
3128
3127
3124
3095
3093
3085
3084
3068
3066
3065
3060
3040
3037
3027
3025
3022
3017
3007
3000
