405
15000
8331
8320
8293
8255
8156
8139
8086
8010
8004
7998
7992
7936
7916
7886
7865
7842
7792
7786
7748
7718
7717
7705
7694
7688
7644
7628
7592
7541
7515
7505
7444
7429
7426
7417
7402
7343
7323
7318
7315
7310
7301
7276
7260
7259
7216
7188
7151
7147
7036
6999
6990
6969
6962
6959
6932
6833
6773
6740
6732
6700
6654
6651
6648
6583
6581
6571
6566
6563
6562
6543
6529
6520
6509
6482
6481
6442
6388
6386
6344
6310
6309
6301
6276
6266
6259
6246
6240
6236
6220
6205
6201
6185
6173
6127
6125
6094
6083
6081
6080
6042
6032
6029
6022
6017
6012
5992
5984
5970
5957
5899
5876
5864
5858
5851
5845
5827
5823
5817
5814
5802
5799
5776
5767
5762
5754
5752
5747
5740
5694
5677
5674
5665
5625
5613
5567
5539
5532
5527
5526
5524
5505
5474
5466
5450
5441
5437
5435
5428
5410
5401
5399
5387
5373
5366
5365
5347
5327
5321
5313
5282
5256
5212
5186
5182
5181
5164
5156
5153
5148
5143
5123
5089
5077
5063
5061
5058
5043
5035
5033
5024
5017
4986
4983
4968
4953
4926
4921
4902
4871
4869
4846
4833
4792
4776
4771
4756
4744
4741
4734
4699
4688
4681
4673
4664
4641
4630
4628
4623
4608
4605
4604
4592
4574
4564
4555
4540
4539
4537
4521
4516
4509
4473
4460
4457
4450
4448
4446
4444
4437
4431
4383
4377
4362
4355
4354
4350
4339
4326
4323
4316
4311
4308
4302
4290
4262
4246
4237
4232
4213
4211
4206
4192
4174
4170
4154
4153
4125
4106
4094
4093
4074
4071
4067
4065
4063
4058
4054
4050
4039
4038
4032
4030
4026
4021
4011
4007
3996
3984
3972
3969
3960
3931
3927
3913
3889
3884
3877
3869
3867
3862
3856
3852
3849
3846
3832
3827
3822
3820
3814
3804
3797
3794
3788
3784
3782
3777
3764
3759
3756
3755
3752
3746
3742
3707
3706
3700
3695
3686
3685
3675
3665
3661
3660
3656
3652
3644
3638
3620
3605
3603
3596
3575
3572
3551
3523
3508
3506
3500
3492
3479
3476
3473
3464
3458
3452
3449
3448
3433
3423
3422
3421
3418
3414
3412
3411
3402
3391
3381
3370
3365
3364
3361
3360
3358
3335
3328
3325
3318
3313
3311
3305
3299
3296
3292
3291
3285
3270
3262
3250
3244
3243
3231
3225
3204
3193
3192
3187
3175
3169
3153
3152
3142
3139
3128
3118
3117
3094
3093
3088
3074
3052
3044
3042
3024
3018
