405
15000
8898
8505
8443
8405
8396
8371
8351
8287
8278
8257
8217
8091
8072
8007
7967
7957
7956
7881
7878
7808
7801
7764
7754
7747
7745
7659
7654
7649
7647
7624
7616
7598
7535
7509
7508
7458
7440
7430
7357
7344
7311
7309
7250
7105
7094
7071
7070
7035
7023
7010
6974
6914
6896
6894
6892
6885
6862
6828
6824
6812
6797
6796
6784
6763
6652
6620
6614
6610
6604
6571
6549
6533
6532
6482
6460
6458
6456
6448
6395
6392
6386
6362
6342
6318
6296
6291
6276
6263
6256
6208
6132
6129
6106
6090
6064
6061
6060
6056
6044
6033
6030
6026
6022
5982
5973
5954
5952
5924
5923
5920
5914
5908
5900
5891
5855
5840
5827
5800
5791
5761
5736
5729
5723
5712
5696
5693
5687
5642
5628
5606
5605
5586
5557
5533
5507
5497
5494
5490
5487
5478
5467
5444
5423
5408
5392
5391
5380
5373
5367
5358
5352
5344
5322
5302
5299
5284
5267
5262
5260
5247
5242
5238
5227
5219
5218
5192
5178
5177
5165
5163
5161
5131
5116
5101
5093
5089
5084
5055
5042
5012
4978
4971
4941
4937
4932
4915
4899
4891
4886
4883
4842
4827
4825
4803
4797
4795
4791
4790
4769
4752
4736
4728
4696
4681
4662
4656
4645
4638
4634
4630
4609
4577
4571
4559
4558
4555
4534
4533
4527
4520
4519
4494
4473
4464
4459
4450
4449
4430
4424
4422
4421
4401
4387
4386
4384
4362
4357
4350
4348
4329
4327
4307
4306
4290
4281
4272
4264
4243
4234
4219
4218
4213
4208
4198
4195
4182
4178
4135
4118
4113
4105
4095
4083
4079
4075
4066
4065
4063
4058
4055
4038
4025
4023
4006
4005
4003
4000
3990
3987
3949
3938
3934
3932
3912
3909
3904
3893
3889
3870
3868
3854
3852
3848
3838
3824
3820
3793
3789
3787
3777
3752
3750
3708
3699
3694
3687
3675
3672
3667
3652
3648
3646
3645
3644
3641
3633
3625
3617
3613
3610
3590
3587
3584
3564
3562
3557
3555
3554
3536
3516
3504
3494
3492
3485
3483
3474
3468
3456
3447
3446
3443
3424
3410
3405
3399
3393
3392
3385
3384
3381
3368
3359
3347
3338
3337
3327
3324
3310
3303
3301
3294
3291
3279
3274
3270
3266
3265
3257
3249
3247
3245
3237
3228
3222
3221
3209
3204
3198
3186
3185
3178
3174
3171
3170
3162
3146
3143
3138
3133
3132
3123
3118
3114
3111
3109
3106
3076
3058
3057
3045
3044
3031
3024
3020
3008
