405
15000
8759
8755
8437
8419
8380
8346
8342
8329
8225
8188
8055
8005
7980
7950
7878
7834
7818
7724
7666
7661
7629
7627
7605
7549
7483
7458
7415
7357
7346
7335
7268
7250
7213
7206
7188
7180
7176
7175
7165
7164
7100
7085
7075
7064
7055
7012
6976
6940
6913
6896
6888
6886
6863
6830
6827
6781
6734
6696
6690
6671
6665
6658
6657
6617
6603
6579
6469
6465
6454
6444
6431
6376
6333
6305
6288
6282
6262
6246
6245
6212
6191
6180
6172
6162
6146
6136
6120
6115
6090
6071
6069
6022
6007
5996
5995
5994
5992
5987
5948
5921
5916
5910
5896
5886
5879
5868
5867
5866
5848
5832
5802
5787
5781
5773
5770
5769
5738
5725
5717
5708
5703
5702
5696
5678
5675
5674
5673
5666
5660
5656
5644
5635
5634
5626
5624
5598
5593
5587
5581
5551
5524
5502
5488
5482
5475
5448
5440
5421
5419
5409
5406
5380
5378
5375
5360
5335
5300
5292
5290
5287
5274
5261
5246
5245
5223
5217
5204
5200
5188
5181
5168
5153
5137
5134
5132
5127
5102
5100
5090
5069
5050
5033
5021
5020
5016
5009
4993
4979
4977
4971
4956
4945
4932
4929
4928
4919
4911
4908
4898
4886
4844
4837
4813
4810
4808
4794
4774
4760
4752
4738
4736
4732
4720
4705
4699
4696
4695
4693
4681
4674
4638
4633
4630
4623
4604
4600
4594
4589
4573
4559
4551
4539
4509
4496
4447
4433
4430
4425
4423
4420
4408
4403
4398
4380
4376
4363
4360
4345
4344
4337
4333
4326
4310
4305
4300
4285
4274
4262
4253
4247
4245
4224
4223
4220
4219
4200
4199
4186
4184
4183
4181
4177
4161
4159
4145
4143
4100
4092
4088
4082
4066
4009
4005
4000
3984
3956
3923
3905
3902
3892
3880
3867
3855
3843
3838
3809
3808
3794
3787
3783
3777
3775
3774
3773
3759
3748
3740
3738
3712
3711
3710
3706
3705
3703
3679
3657
3655
3644
3639
3637
3636
3606
3588
3585
3559
3553
3550
3531
3530
3514
3510
3502
3496
3492
3475
3472
3468
3466
3463
3457
3455
3451
3422
3421
3420
3417
3415
3413
3409
3391
3389
3386
3374
3365
3350
3349
3348
3335
3331
3327
3302
3280
3276
3273
3256
3254
3244
3240
3234
3232
3228
3217
3215
3204
3190
3186
3176
3174
3172
3170
3165
3164
3147
3140
3134
3125
3124
3122
3119
3116
3090
3077
3073
3067
3065
3064
3051
3039
3034
3032
3028
3025
3017
3015
3014
