405
15000
8853
8803
8698
8467
8466
8423
8407
8353
8349
8307
8300
8283
8221
8157
8148
8115
7955
7936
7903
7843
7834
7795
7744
7730
7632
7612
7562
7488
7447
7427
7426
7422
7398
7380
7337
7273
7255
7246
7230
7229
7225
7224
7109
7105
7095
7082
7074
7062
7056
7012
6976
6960
6918
6856
6837
6816
6793
6785
6772
6755
6738
6734
6668
6663
6615
6610
6603
6601
6596
6591
6590
6557
6556
6541
6537
6536
6529
6521
6496
6471
6457
6431
6414
6368
6301
6257
6250
6232
6218
6199
6180
6175
6173
6156
6140
6112
6101
6053
6047
6041
6037
5983
5975
5968
5951
5950
5939
5911
5887
5874
5857
5848
5845
5811
5806
5798
5779
5777
5768
5751
5729
5720
5710
5703
5668
5661
5658
5653
5641
5632
5611
5596
5583
5582
5581
5570
5543
5542
5531
5518
5515
5503
5500
5492
5474
5449
5437
5407
5397
5383
5369
5359
5346
5267
5262
5254
5247
5220
5219
5209
5206
5189
5166
5155
5150
5145
5144
5136
5128
5122
5118
5111
5110
5109
5104
5102
5098
5091
5087
5058
5032
5013
4974
4959
4938
4895
4881
4879
4877
4869
4808
4805
4785
4763
4761
4753
4725
4716
4697
4695
4684
4674
4667
4656
4632
4623
4611
4599
4596
4588
4574
4571
4569
4564
4556
4544
4512
4507
4501
4486
4479
4476
4465
4457
4447
4435
4431
4429
4418
4406
4400
4390
4379
4378
4363
4337
4328
4322
4307
4295
4287
4271
4254
4248
4245
4243
4241
4230
4218
4210
4206
4204
4198
4176
4161
4136
4127
4126
4125
4121
4111
4101
4100
4091
4083
4075
4072
4067
4051
4050
4048
4040
4034
4033
4024
4016
3985
3977
3963
3959
3945
3938
3929
3921
3920
3916
3915
3914
3910
3890
3878
3875
3870
3867
3860
3858
3856
3837
3825
3823
3819
3814
3807
3788
3787
3772
3738
3729
3720
3718
3708
3695
3692
3690
3686
3672
3670
3666
3651
3644
3637
3634
3619
3612
3601
3596
3594
3573
3565
3533
3523
3517
3505
3499
3478
3473
3470
3469
3467
3461
3450
3446
3438
3432
3429
3420
3419
3411
3398
3391
3380
3359
3350
3347
3344
3343
3342
3337
3331
3328
3327
3322
3318
3317
3307
3305
3302
3301
3284
3278
3269
3262
3239
3228
3201
3199
3196
3175
3169
3155
3149
3145
3135
3133
3122
3115
3109
3108
3104
3097
3096
3089
3088
3086
3051
3049
3048
3041
3039
3026
3025
3024
3022
3014
3000
