405
15000
8925
8689
8568
8466
8230
8140
8090
7985
7978
7959
7953
7936
7933
7923
7920
7905
7855
7852
7833
7812
7733
7709
7697
7695
7661
7650
7524
7511
7436
7420
7390
7350
7333
7314
7302
7290
7275
7269
7267
7260
7259
7215
7159
7147
7081
7060
7032
6977
6964
6942
6891
6889
6880
6827
6761
6747
6742
6689
6657
6639
6607
6595
6588
6566
6546
6541
6527
6518
6513
6506
6502
6489
6463
6460
6453
6448
6431
6378
6374
6360
6352
6349
6344
6330
6281
6278
6270
6261
6254
6228
6224
6213
6192
6152
6140
6135
6132
6112
6085
6079
6077
6043
6009
5954
5952
5939
5933
5914
5907
5874
5873
5866
5847
5769
5768
5709
5704
5684
5668
5659
5647
5627
5610
5578
5572
5570
5557
5553
5541
5528
5525
5515
5502
5495
5488
5478
5473
5461
5456
5451
5427
5419
5414
5409
5394
5393
5381
5380
5379
5376
5369
5368
5363
5352
5338
5305
5294
5275
5267
5262
5258
5252
5251
5236
5234
5217
5199
5174
5169
5167
5147
5146
5121
5119
5100
5094
5040
5035
5007
5005
5003
5000
4999
4979
4977
4936
4932
4923
4917
4904
4897
4878
4869
4853
4837
4835
4828
4813
4798
4793
4783
4774
4769
4765
4759
4757
4714
4707
4690
4678
4673
4654
4647
4642
4628
4606
4602
4601
4588
4581
4571
4562
4560
4552
4546
4545
4517
4514
4507
4505
4492
4491
4488
4482
4468
4467
4452
4442
4423
4408
4390
4374
4368
4348
4332
4323
4319
4314
4310
4307
4302
4286
4280
4276
4268
4251
4249
4229
4226
4224
4209
4189
4180
4154
4147
4125
4085
4079
4067
4065
4064
4057
4033
4025
4024
4008
3995
3992
3991
3988
3981
3962
3955
3949
3944
3937
3934
3922
3894
3889
3883
3880
3877
3872
3869
3859
3851
3849
3843
3826
3816
3810
3805
3799
3798
3794
3791
3784
3753
3751
3748
3727
3725
3722
3714
3699
3695
3684
3669
3660
3659
3645
3633
3631
3629
3618
3606
3604
3599
3582
3541
3540
3540
3531
3530
3516
3513
3511
3510
3497
3494
3489
3482
3481
3466
3464
3455
3452
3438
3418
3408
3396
3384
3379
3378
3369
3363
3350
3337
3331
3306
3304
3290
3279
3278
3272
3256
3246
3245
3238
3215
3214
3203
3195
3189
3188
3187
3184
3176
3174
3173
3153
3152
3131
3112
3099
3097
3090
3084
3079
3072
3071
3069
3066
3065
3062
3059
3042
3036
3035
3034
3033
3022
3014
3004
