405
15000
8532
8495
8452
8286
8120
8101
8020
8002
7956
7899
7897
7834
7795
7774
7723
7635
7628
7593
7570
7563
7552
7517
7512
7483
7480
7377
7304
7296
7295
7270
7247
7244
7226
7225
7207
7204
7062
7012
7010
6991
6982
6938
6851
6846
6807
6802
6798
6793
6782
6757
6755
6753
6749
6747
6734
6733
6720
6692
6657
6579
6550
6538
6514
6493
6425
6407
6406
6380
6376
6367
6329
6322
6309
6302
6301
6298
6292
6273
6272
6262
6255
6248
6222
6212
6204
6148
6138
6127
6105
6061
6050
6048
6029
6027
6017
6002
5999
5995
5972
5970
5964
5963
5950
5939
5924
5920
5916
5900
5880
5874
5873
5869
5860
5859
5848
5843
5842
5833
5818
5809
5799
5797
5746
5736
5717
5694
5689
5679
5678
5653
5646
5637
5582
5564
5547
5533
5518
5514
5513
5510
5505
5502
5445
5430
5384
5381
5379
5376
5372
5365
5360
5337
5334
5327
5324
5315
5306
5295
5285
5274
5270
5264
5253
5252
5247
5238
5237
5225
5223
5209
5204
5198
5181
5168
5153
5151
5132
5110
5102
5087
5080
5069
5029
5017
5013
5001
4996
4987
4970
4969
4966
4953
4950
4940
4935
4903
4901
4881
4877
4855
4821
4819
4812
4811
4806
4795
4766
4764
4756
4744
4735
4730
4720
4711
4705
4682
4675
4672
4667
4655
4650
4649
4648
4645
4633
4621
4610
4599
4597
4590
4561
4553
4549
4542
4539
4520
4495
4491
4483
4477
4452
4435
4427
4413
4411
4400
4365
4361
4353
4345
4330
4314
4313
4302
4297
4271
4268
4266
4260
4249
4245
4210
4193
4190
4189
4174
4159
4136
4130
4129
4116
4109
4103
4102
4098
4086
4076
4075
4068
4059
4052
4043
4032
4009
4003
3997
3986
3977
3972
3965
3959
3953
3947
3933
3929
3921
3907
3905
3903
3884
3873
3856
3835
3832
3829
3824
3816
3809
3807
3793
3777
3772
3763
3760
3749
3728
3727
3680
3677
3676
3652
3646
3645
3641
3639
3637
3627
3626
3594
3589
3587
3585
3580
3564
3559
3557
3553
3537
3523
3522
3520
3503
3493
3486
3480
3477
3476
3468
3461
3459
3434
3432
3421
3419
3418
3385
3383
3376
3366
3347
3344
3341
3327
3319
3315
3305
3300
3298
3296
3294
3293
3291
3286
3284
3275
3271
3268
3261
3260
3258
3253
3228
3221
3213
3203
3166
3165
3151
3135
3134
3131
3103
3102
3092
3091
3071
3068
3058
3055
3049
3026
3025
3015
3014
3004
