405
15000
8367
8348
8304
8140
8082
8076
7931
7928
7904
7887
7869
7857
7779
7775
7731
7677
7654
7635
7545
7535
7464
7414
7390
7361
7331
7310
7255
7201
7199
7162
7159
7126
7068
7066
7060
7046
7034
6977
6975
6813
6791
6762
6760
6664
6662
6651
6650
6649
6644
6613
6608
6597
6592
6590
6559
6526
6524
6514
6496
6476
6458
6439
6405
6403
6398
6393
6380
6372
6355
6303
6261
6255
6244
6233
6219
6218
6216
6210
6205
6199
6193
6192
6152
6150
6133
6119
6109
6108
6104
6063
6057
6039
6014
6005
5993
5963
5949
5945
5936
5927
5921
5907
5878
5856
5855
5825
5820
5786
5781
5774
5773
5767
5765
5759
5752
5718
5709
5699
5698
5692
5685
5683
5677
5648
5641
5638
5604
5599
5556
5555
5551
5548
5539
5528
5513
5477
5459
5454
5447
5442
5417
5411
5392
5372
5371
5357
5356
5327
5315
5312
5311
5309
5305
5283
5272
5270
5257
5255
5247
5244
5235
5230
5209
5205
5199
5189
5187
5180
5170
5165
5160
5155
5148
5116
5110
5105
5096
5082
5079
5067
5059
5053
5050
5042
5034
5015
5014
4983
4979
4975
4962
4958
4944
4919
4910
4902
4899
4887
4886
4876
4868
4847
4834
4832
4827
4819
4814
4807
4802
4792
4774
4769
4767
4757
4751
4750
4746
4732
4722
4702
4698
4696
4693
4690
4655
4646
4640
4638
4632
4627
4625
4624
4596
4593
4592
4590
4585
4573
4560
4557
4537
4523
4520
4477
4470
4461
4450
4446
4442
4429
4425
4420
4418
4415
4407
4404
4394
4382
4378
4371
4350
4340
4315
4308
4291
4269
4251
4247
4243
4233
4229
4225
4219
4217
4211
4198
4197
4190
4171
4154
4153
4131
4127
4125
4119
4104
4103
4098
4095
4091
4079
4077
4063
4062
4061
4056
4051
4030
4024
4003
3992
3987
3982
3976
3969
3966
3950
3945
3921
3890
3864
3834
3830
3815
3804
3800
3794
3787
3783
3780
3775
3772
3769
3767
3750
3748
3743
3732
3716
3707
3700
3699
3685
3680
3678
3665
3651
3650
3627
3612
3603
3590
3560
3547
3539
3536
3534
3524
3515
3487
3483
3477
3476
3433
3425
3420
3406
3403
3380
3378
3367
3366
3357
3331
3324
3316
3294
3292
3285
3274
3268
3267
3263
3256
3254
3253
3232
3208
3205
3196
3194
3171
3169
3168
3158
3152
3144
3137
3123
3118
3115
3106
3104
3097
3092
3091
3080
3066
3058
3042
3040
3032
3023
3016
3008
