405
15000
8706
8453
8301
8260
8237
8233
8226
8167
8120
7937
7899
7884
7873
7858
7762
7746
7679
7512
7499
7486
7485
7481
7470
7458
7446
7431
7390
7383
7377
7305
7294
7286
7231
7193
7181
7179
7130
7117
7116
7108
7103
7075
7059
7056
7054
7050
7041
6984
6971
6952
6949
6910
6890
6887
6867
6849
6840
6823
6821
6817
6769
6714
6681
6667
6629
6611
6610
6603
6581
6568
6558
6556
6523
6521
6517
6513
6472
6450
6449
6444
6438
6428
6410
6397
6392
6373
6369
6367
6363
6352
6340
6301
6265
6195
6190
6171
6162
6112
6108
6072
6055
6028
5998
5997
5996
5984
5955
5952
5918
5917
5906
5905
5901
5859
5838
5822
5814
5801
5779
5768
5748
5740
5663
5648
5644
5636
5631
5628
5627
5612
5554
5544
5540
5504
5498
5476
5469
5420
5377
5376
5375
5359
5355
5352
5349
5335
5328
5312
5299
5284
5280
5258
5253
5250
5241
5237
5202
5201
5191
5182
5154
5150
5149
5074
5052
5032
5027
5022
5017
5011
4981
4940
4916
4915
4894
4892
4878
4876
4874
4873
4872
4857
4856
4848
4846
4836
4826
4821
4810
4792
4790
4775
4768
4766
4765
4759
4736
4731
4720
4718
4715
4703
4702
4696
4692
4681
4680
4668
4665
4662
4653
4652
4651
4635
4630
4611
4596
4595
4585
4570
4561
4559
4558
4551
4546
4534
4531
4520
4510
4503
4488
4480
4476
4471
4462
4459
4448
4447
4437
4408
4400
4398
4388
4387
4344
4341
4328
4315
4307
4303
4301
4286
4277
4271
4270
4237
4234
4226
4222
4220
4206
4200
4190
4189
4187
4173
4172
4171
4162
4148
4144
4134
4122
4113
4107
4104
4089
4080
4074
4056
4049
4044
4039
4036
4026
4018
4004
4000
3991
3980
3976
3968
3965
3962
3960
3940
3930
3920
3913
3906
3904
3901
3900
3898
3884
3876
3875
3871
3848
3846
3844
3815
3807
3800
3795
3771
3766
3755
3749
3739
3731
3728
3712
3685
3675
3666
3655
3643
3627
3611
3609
3607
3601
3597
3596
3587
3582
3574
3555
3551
3540
3534
3533
3528
3521
3519
3511
3510
3473
3468
3454
3446
3440
3420
3414
3403
3386
3376
3371
3369
3350
3337
3309
3303
3301
3298
3283
3275
3274
3268
3258
3242
3237
3226
3218
3217
3214
3207
3201
3175
3167
3159
3144
3139
3137
3127
3108
3107
3103
3095
3094
3079
3067
3065
3064
3057
3043
3038
3033
3028
3026
3022
3019
3008
3004
