405
15000
8535
8493
8455
8438
8360
8316
8238
8225
8206
8191
8173
8170
8141
8057
7981
7976
7906
7905
7828
7808
7795
7764
7597
7566
7549
7508
7474
7374
7297
7254
7231
7165
7158
7150
7142
7130
7109
7032
6977
6917
6914
6905
6882
6850
6837
6832
6821
6820
6761
6702
6692
6674
6589
6569
6563
6541
6538
6533
6524
6520
6514
6511
6508
6492
6409
6406
6398
6363
6362
6360
6339
6332
6329
6293
6289
6286
6270
6263
6260
6253
6234
6197
6179
6151
6126
6125
6110
6093
6087
6080
6079
6059
6053
6043
6041
6039
6036
6032
6025
6009
5994
5984
5953
5948
5942
5904
5900
5898
5891
5880
5865
5856
5841
5819
5812
5792
5787
5780
5764
5761
5750
5693
5691
5688
5673
5659
5652
5624
5610
5603
5594
5586
5572
5570
5568
5553
5539
5506
5503
5496
5472
5468
5464
5437
5413
5391
5381
5368
5365
5358
5339
5329
5328
5322
5319
5311
5273
5264
5253
5228
5207
5196
5191
5180
5174
5167
5164
5153
5150
5138
5128
5126
5094
5088
5084
5081
5067
5063
5062
5056
5043
5039
5033
5009
5004
5001
4993
4990
4985
4984
4974
4965
4959
4938
4937
4931
4930
4892
4881
4880
4863
4858
4847
4807
4804
4785
4783
4767
4734
4726
4716
4709
4704
4656
4652
4651
4641
4640
4636
4611
4583
4578
4571
4550
4547
4524
4517
4502
4493
4468
4460
4459
4458
4452
4448
4441
4433
4431
4429
4416
4407
4371
4370
4350
4346
4345
4331
4308
4306
4304
4302
4300
4288
4264
4263
4249
4232
4205
4190
4187
4176
4164
4159
4157
4150
4149
4142
4097
4094
4090
4083
4069
4066
4056
4053
4049
4026
4022
4015
4014
3996
3985
3982
3980
3979
3946
3945
3941
3939
3938
3928
3921
3914
3912
3910
3900
3889
3885
3875
3872
3850
3842
3836
3826
3824
3821
3794
3791
3788
3784
3778
3774
3773
3759
3757
3756
3755
3745
3716
3710
3708
3702
3680
3675
3671
3664
3660
3654
3649
3637
3626
3625
3611
3609
3604
3599
3585
3578
3561
3539
3535
3534
3532
3527
3521
3520
3519
3515
3508
3499
3495
3489
3468
3467
3452
3439
3435
3430
3425
3420
3418
3404
3384
3382
3365
3364
3357
3356
3340
3318
3313
3309
3308
3303
3301
3297
3287
3280
3275
3268
3255
3244
3240
3233
3228
3227
3198
3196
3183
3170
3169
3155
3150
3126
3119
3114
3109
3055
3054
3048
3043
3030
3015
3013
3001
