405
15000
8641
8567
8542
8333
8224
8080
8002
7967
7876
7762
7720
7649
7611
7573
7502
7500
7491
7420
7396
7368
7332
7310
7301
7272
7238
7199
7193
7154
7153
7150
7144
7138
7099
7079
7073
7066
7043
7040
7031
7012
7004
6925
6885
6881
6855
6851
6819
6817
6806
6791
6768
6753
6741
6724
6718
6666
6660
6649
6598
6595
6571
6550
6549
6538
6520
6504
6501
6482
6468
6464
6438
6433
6412
6396
6376
6368
6363
6340
6333
6321
6297
6260
6247
6223
6219
6215
6209
6196
6190
6186
6163
6157
6142
6127
6105
6101
6087
6072
6057
6048
6035
6000
5998
5996
5985
5960
5941
5939
5920
5902
5897
5889
5872
5840
5833
5830
5806
5778
5756
5730
5722
5690
5686
5662
5659
5657
5645
5616
5615
5600
5599
5575
5572
5538
5531
5522
5507
5502
5501
5490
5480
5452
5445
5422
5390
5384
5383
5380
5321
5315
5300
5299
5281
5264
5254
5237
5188
5185
5176
5139
5136
5121
5113
5111
5063
5057
5035
5033
5028
5019
5002
4967
4962
4952
4951
4940
4939
4936
4931
4930
4925
4910
4907
4905
4902
4890
4887
4874
4852
4842
4833
4828
4827
4822
4810
4794
4793
4787
4785
4782
4775
4768
4765
4759
4749
4726
4712
4707
4706
4699
4698
4696
4687
4682
4673
4667
4655
4640
4618
4603
4597
4589
4581
4576
4567
4557
4555
4552
4532
4530
4516
4509
4507
4503
4497
4495
4493
4483
4480
4468
4465
4461
4456
4444
4437
4433
4419
4416
4411
4398
4371
4369
4363
4357
4348
4329
4327
4326
4307
4295
4286
4282
4274
4268
4261
4259
4255
4245
4237
4229
4227
4222
4218
4217
4205
4201
4199
4198
4179
4154
4151
4144
4138
4109
4106
4089
4080
4073
4071
4068
4060
4052
4046
4011
3993
3985
3981
3975
3971
3969
3968
3961
3956
3951
3936
3932
3929
3924
3921
3917
3913
3892
3891
3889
3883
3871
3865
3842
3830
3823
3822
3814
3797
3779
3775
3774
3770
3762
3753
3750
3739
3730
3715
3661
3657
3639
3628
3624
3608
3597
3595
3576
3574
3564
3561
3550
3545
3541
3513
3510
3462
3434
3422
3420
3415
3404
3399
3394
3389
3388
3387
3371
3367
3355
3347
3343
3330
3323
3297
3283
3280
3276
3269
3255
3252
3245
3236
3221
3209
3202
3181
3175
3174
3168
3166
3164
3162
3154
3152
3144
3136
3124
3120
3090
3087
3082
3077
3076
3074
3055
3050
3043
3042
3034
3029
