405
15000
8775
8725
8395
8232
8149
8131
8070
7985
7982
7691
7576
7559
7499
7484
7478
7429
7393
7381
7337
7318
7256
7196
7182
7161
7126
7051
7032
7015
7007
6939
6937
6901
6886
6851
6801
6799
6794
6790
6768
6757
6746
6716
6711
6706
6675
6664
6657
6652
6638
6597
6593
6577
6528
6473
6462
6444
6438
6433
6396
6386
6383
6374
6348
6346
6336
6331
6316
6305
6302
6287
6261
6254
6220
6213
6210
6191
6186
6184
6179
6166
6160
6157
6109
6105
6095
6068
6066
6061
6033
6027
6012
6011
6009
5994
5987
5976
5949
5918
5909
5906
5897
5887
5874
5870
5862
5840
5837
5829
5818
5813
5809
5806
5797
5787
5763
5721
5710
5709
5708
5668
5655
5652
5651
5647
5644
5639
5631
5622
5608
5590
5577
5563
5553
5552
5524
5500
5490
5488
5482
5481
5474
5471
5468
5459
5437
5432
5416
5385
5367
5358
5354
5335
5319
5314
5312
5310
5309
5295
5285
5282
5276
5266
5265
5259
5253
5226
5224
5217
5213
5204
5202
5183
5174
5173
5164
5161
5158
5097
5090
5065
5052
5049
5048
5045
5040
5027
5026
5023
5015
5000
4998
4991
4986
4973
4966
4964
4954
4953
4934
4933
4929
4922
4916
4907
4905
4886
4874
4850
4829
4815
4785
4782
4773
4760
4752
4728
4722
4702
4699
4696
4695
4689
4666
4663
4656
4648
4637
4613
4604
4595
4591
4590
4587
4582
4576
4574
4570
4565
4563
4552
4543
4522
4503
4491
4489
4488
4468
4465
4458
4457
4449
4446
4439
4428
4410
4371
4338
4328
4309
4305
4297
4288
4280
4260
4252
4233
4232
4230
4227
4225
4220
4210
4206
4205
4203
4175
4174
4163
4162
4152
4146
4133
4132
4131
4128
4125
4121
4115
4111
4110
4109
4099
4090
4089
4073
4069
4064
4061
4053
4048
4035
4015
4002
3994
3966
3960
3941
3937
3935
3927
3926
3922
3913
3904
3883
3880
3863
3856
3843
3833
3828
3791
3786
3775
3765
3736
3721
3714
3683
3682
3676
3671
3669
3667
3653
3649
3641
3640
3633
3632
3628
3605
3601
3576
3569
3568
3557
3556
3554
3552
3542
3524
3520
3517
3500
3475
3474
3458
3454
3444
3413
3409
3408
3407
3400
3387
3381
3376
3374
3373
3371
3365
3359
3355
3350
3348
3345
3339
3338
3297
3296
3286
3281
3275
3268
3252
3216
3184
3183
3173
3170
3161
3152
3130
3128
3114
3102
3091
3087
3086
3055
3046
3020
3013
3002
