405
15000
8420
8399
8374
8312
8304
8248
8227
8201
8145
8059
8023
8013
7966
7942
7903
7840
7794
7729
7723
7718
7686
7636
7634
7597
7571
7568
7541
7534
7493
7484
7482
7452
7312
7311
7282
7273
7259
7258
7246
7196
7170
7163
7161
7114
7055
7045
7017
7014
6995
6991
6965
6928
6923
6922
6884
6857
6855
6830
6829
6763
6760
6735
6732
6724
6653
6644
6625
6618
6603
6574
6521
6502
6489
6446
6437
6380
6349
6332
6241
6239
6227
6223
6190
6167
6148
6141
6135
6108
6106
6102
6101
6098
6092
6060
6056
6042
6034
6023
6011
6008
5992
5972
5971
5966
5958
5946
5917
5900
5884
5874
5873
5861
5778
5774
5768
5765
5761
5758
5719
5718
5709
5694
5680
5660
5636
5633
5622
5573
5558
5547
5545
5544
5537
5506
5473
5459
5458
5433
5410
5407
5405
5397
5391
5383
5362
5356
5350
5345
5293
5280
5273
5261
5253
5250
5246
5233
5214
5208
5196
5187
5181
5163
5162
5161
5153
5128
5118
5116
5102
5095
5092
5077
5066
5064
5062
5052
5040
5019
5018
5003
5002
5001
4981
4972
4963
4953
4942
4934
4922
4912
4895
4869
4859
4851
4841
4840
4836
4818
4817
4802
4792
4789
4784
4761
4753
4741
4730
4727
4721
4713
4702
4686
4678
4649
4648
4636
4629
4624
4623
4602
4598
4572
4545
4522
4509
4508
4501
4495
4493
4482
4481
4479
4477
4472
4471
4468
4465
4462
4454
4453
4450
4448
4446
4442
4441
4436
4421
4401
4385
4382
4379
4376
4371
4367
4362
4351
4349
4312
4292
4253
4236
4234
4229
4214
4186
4152
4150
4146
4133
4125
4110
4106
4086
4062
4058
4043
4041
4030
4029
4016
3999
3989
3984
3961
3958
3956
3947
3943
3926
3918
3915
3913
3905
3895
3889
3888
3873
3849
3846
3834
3816
3799
3795
3793
3789
3771
3758
3755
3749
3741
3736
3732
3718
3715
3700
3699
3698
3691
3679
3667
3666
3664
3661
3654
3648
3637
3634
3631
3630
3620
3592
3582
3580
3580
3575
3572
3559
3558
3543
3540
3499
3488
3484
3483
3455
3454
3445
3429
3390
3386
3358
3356
3355
3352
3351
3349
3344
3336
3326
3316
3313
3309
3300
3299
3293
3283
3277
3274
3271
3263
3262
3253
3240
3212
3204
3200
3194
3176
3169
3165
3151
3135
3127
3119
3117
3112
3102
3098
3089
3071
3054
3053
3045
3043
3037
3034
3027
3025
3020
3017
3015
3009
3006
3005
3000
