405
15000
8817
8655
8372
8310
8277
8245
8212
8028
8017
7918
7839
7830
7787
7752
7697
7613
7610
7584
7533
7464
7439
7433
7376
7371
7305
7288
7245
7183
7182
7178
7174
7171
7165
7164
7145
7072
7048
7026
7010
6980
6966
6963
6957
6934
6929
6920
6914
6913
6905
6865
6860
6855
6837
6806
6802
6801
6782
6735
6733
6721
6707
6653
6619
6611
6610
6603
6593
6560
6559
6525
6516
6484
6462
6456
6453
6422
6408
6389
6385
6383
6378
6362
6360
6345
6305
6251
6211
6168
6142
6137
6118
6112
6111
6085
6084
6072
6057
6049
6047
6017
6012
6011
5987
5986
5981
5980
5967
5966
5962
5939
5935
5899
5888
5868
5856
5777
5763
5756
5747
5740
5731
5677
5661
5655
5648
5643
5614
5611
5592
5590
5568
5564
5562
5552
5543
5540
5539
5531
5529
5512
5509
5497
5441
5394
5380
5355
5332
5319
5306
5291
5287
5278
5276
5272
5270
5264
5260
5226
5210
5195
5185
5172
5170
5147
5145
5063
5055
5050
5042
5025
5020
5011
5007
4997
4985
4978
4969
4962
4958
4957
4948
4934
4932
4923
4914
4912
4908
4888
4885
4879
4861
4828
4807
4797
4783
4778
4777
4764
4762
4754
4752
4741
4733
4729
4719
4716
4711
4709
4679
4677
4672
4669
4658
4648
4637
4636
4627
4618
4602
4597
4583
4578
4557
4554
4544
4528
4525
4524
4518
4510
4504
4485
4473
4466
4464
4460
4453
4446
4418
4402
4396
4394
4390
4389
4376
4333
4323
4303
4298
4291
4280
4277
4244
4238
4228
4207
4200
4194
4192
4190
4182
4175
4171
4168
4167
4157
4150
4147
4142
4128
4127
4125
4106
4090
4080
4077
4072
4059
4055
4028
4023
4019
4018
4008
4004
4001
3993
3988
3983
3969
3959
3958
3933
3927
3922
3908
3903
3900
3898
3896
3887
3886
3884
3882
3878
3870
3868
3865
3862
3856
3848
3839
3829
3827
3825
3817
3808
3805
3798
3790
3789
3764
3761
3755
3738
3727
3726
3719
3700
3692
3689
3684
3677
3664
3663
3662
3661
3650
3643
3620
3618
3610
3600
3570
3569
3557
3553
3522
3518
3513
3501
3497
3478
3471
3468
3461
3459
3457
3453
3448
3428
3427
3421
3388
3366
3365
3361
3324
3322
3308
3303
3293
3292
3275
3269
3265
3252
3240
3228
3218
3201
3200
3192
3187
3180
3169
3165
3153
3151
3146
3134
3120
3113
3106
3105
3093
3090
3081
3076
3059
3050
3035
3020
3018
3001
