405
15000
8791
8639
8616
8492
8456
8418
8411
8324
8296
8280
8094
8058
8047
8020
7931
7787
7766
7746
7705
7680
7679
7667
7642
7634
7605
7587
7530
7493
7386
7285
7284
7263
7247
7245
7193
7190
7145
7139
7128
7121
7089
7063
7058
6974
6937
6883
6784
6737
6727
6709
6686
6681
6670
6663
6649
6607
6594
6582
6581
6562
6533
6525
6503
6488
6461
6458
6415
6380
6377
6352
6347
6318
6291
6283
6279
6273
6227
6213
6211
6192
6176
6175
6166
6153
6142
6135
6121
6120
6118
6087
6082
6074
6072
6070
6055
6050
6041
6037
6031
6011
5976
5972
5940
5931
5909
5903
5902
5899
5871
5851
5847
5844
5843
5838
5833
5824
5822
5818
5785
5781
5740
5733
5708
5648
5636
5611
5609
5588
5580
5579
5576
5564
5561
5559
5548
5518
5515
5504
5500
5495
5491
5471
5455
5433
5432
5427
5411
5410
5404
5403
5396
5389
5388
5375
5346
5344
5336
5326
5310
5306
5293
5284
5232
5231
5209
5201
5189
5185
5178
5173
5162
5150
5137
5095
5075
5074
5065
5060
5048
5037
5028
5027
5024
5023
5015
5007
4906
4889
4882
4874
4866
4863
4858
4841
4834
4830
4812
4804
4800
4763
4761
4755
4737
4721
4685
4670
4664
4657
4656
4653
4649
4645
4637
4631
4621
4618
4613
4602
4592
4576
4566
4565
4555
4552
4549
4532
4531
4521
4517
4516
4512
4509
4490
4487
4481
4475
4472
4461
4459
4457
4436
4424
4421
4405
4399
4391
4385
4376
4372
4353
4350
4334
4330
4324
4310
4299
4271
4266
4209
4203
4202
4198
4195
4192
4190
4171
4132
4129
4128
4123
4122
4121
4120
4114
4105
4101
4091
4076
4072
4052
4025
4024
4021
4018
4013
3995
3968
3958
3955
3947
3945
3932
3921
3915
3913
3906
3883
3878
3863
3848
3823
3808
3800
3779
3778
3773
3768
3766
3760
3742
3739
3729
3728
3713
3708
3706
3701
3694
3693
3690
3687
3684
3683
3678
3669
3661
3658
3608
3602
3600
3593
3592
3588
3565
3555
3552
3551
3528
3525
3522
3508
3507
3504
3500
3480
3476
3470
3464
3458
3450
3443
3431
3427
3417
3403
3402
3392
3388
3385
3383
3375
3345
3330
3317
3315
3312
3311
3309
3308
3302
3291
3287
3280
3274
3245
3244
3230
3220
3217
3214
3210
3202
3199
3197
3192
3188
3178
3168
3164
3161
3157
3154
3147
3132
3119
3117
3113
3104
3095
3079
3061
3044
3042
3041
3017
