405
15000
8828
8773
8534
8443
8327
8304
8294
8159
7989
7975
7868
7849
7789
7768
7734
7707
7667
7664
7611
7599
7594
7572
7525
7510
7490
7453
7450
7418
7360
7319
7315
7311
7298
7232
7204
7166
7147
7143
7109
7106
7104
7085
7084
7045
7039
7024
6993
6991
6974
6957
6936
6934
6902
6876
6863
6833
6830
6816
6806
6797
6795
6753
6668
6635
6633
6593
6586
6584
6551
6547
6503
6459
6427
6406
6393
6365
6362
6352
6343
6329
6320
6273
6263
6248
6239
6206
6195
6188
6158
6157
6100
6085
6061
6055
6053
6031
6019
6014
6006
6003
5998
5937
5884
5882
5879
5873
5872
5871
5867
5864
5824
5822
5805
5794
5767
5763
5754
5704
5700
5682
5680
5674
5658
5636
5630
5626
5623
5608
5581
5570
5560
5551
5541
5526
5522
5508
5489
5488
5474
5457
5429
5413
5398
5396
5393
5374
5340
5332
5318
5313
5301
5297
5288
5283
5251
5248
5239
5233
5225
5204
5192
5189
5125
5124
5118
5113
5097
5092
5091
5088
5087
5084
5043
5031
5025
5016
5011
4996
4979
4977
4963
4960
4956
4955
4954
4936
4931
4930
4909
4903
4887
4880
4876
4859
4856
4835
4828
4814
4802
4784
4781
4776
4773
4762
4757
4755
4752
4736
4732
4700
4692
4689
4682
4656
4650
4628
4627
4598
4593
4580
4574
4572
4567
4562
4560
4556
4548
4538
4535
4532
4524
4523
4521
4517
4507
4501
4493
4485
4483
4481
4479
4467
4446
4438
4437
4434
4433
4430
4423
4382
4366
4361
4347
4341
4330
4329
4305
4290
4260
4248
4209
4208
4205
4189
4174
4169
4167
4164
4163
4160
4145
4135
4104
4099
4090
4087
4074
4061
4055
4048
4042
4040
4008
3987
3980
3977
3970
3961
3941
3933
3922
3918
3895
3891
3890
3884
3882
3881
3874
3859
3851
3847
3826
3818
3809
3804
3798
3792
3790
3778
3766
3762
3758
3754
3723
3721
3709
3696
3692
3685
3675
3661
3651
3627
3625
3609
3607
3604
3600
3599
3591
3586
3567
3547
3543
3542
3529
3527
3525
3521
3511
3505
3485
3480
3458
3452
3448
3446
3436
3425
3420
3411
3410
3409
3405
3399
3393
3389
3387
3385
3356
3352
3340
3335
3325
3321
3317
3314
3313
3275
3266
3258
3252
3250
3243
3242
3240
3226
3221
3207
3204
3188
3163
3139
3135
3130
3116
3113
3107
3101
3097
3092
3074
3069
3064
3056
3055
3047
3046
3037
3035
3024
3020
3009
3006
