405
15000
8819
8753
8678
8573
8490
8381
8360
8349
8204
8090
8028
7996
7982
7967
7950
7902
7850
7837
7775
7753
7746
7681
7653
7643
7571
7557
7532
7512
7509
7432
7431
7419
7405
7379
7373
7339
7333
7331
7234
7227
7193
7188
7150
7096
7088
7073
7040
6982
6963
6957
6940
6896
6891
6887
6820
6792
6777
6698
6688
6635
6619
6618
6548
6527
6494
6481
6467
6386
6381
6323
6307
6297
6282
6275
6268
6266
6253
6235
6226
6215
6207
6200
6198
6188
6183
6179
6178
6154
6153
6117
6101
6095
6080
6071
6055
6050
6049
6043
6030
6029
6001
5998
5979
5967
5963
5956
5954
5908
5894
5885
5881
5848
5845
5838
5825
5785
5774
5743
5740
5739
5732
5702
5695
5694
5693
5692
5627
5616
5614
5611
5604
5598
5588
5583
5578
5571
5565
5543
5531
5526
5515
5505
5501
5487
5476
5473
5464
5419
5416
5405
5402
5401
5394
5392
5383
5375
5353
5282
5276
5266
5254
5246
5232
5220
5192
5179
5174
5153
5149
5136
5126
5107
5097
5095
5070
5065
5049
5047
5014
5008
5003
4993
4991
4972
4970
4966
4941
4927
4924
4902
4900
4899
4898
4889
4880
4876
4870
4856
4843
4819
4813
4808
4806
4804
4791
4787
4774
4764
4758
4742
4741
4736
4708
4690
4689
4671
4668
4659
4655
4643
4631
4625
4623
4615
4594
4590
4589
4558
4557
4542
4540
4525
4498
4459
4411
4410
4409
4400
4392
4385
4373
4362
4342
4311
4301
4284
4281
4276
4257
4243
4230
4224
4218
4210
4188
4187
4185
4177
4165
4151
4147
4142
4137
4134
4133
4132
4108
4091
4086
4079
4078
4076
4062
4060
4050
4045
4039
4037
4021
4010
4004
4003
4000
3990
3984
3968
3955
3940
3939
3927
3926
3924
3922
3914
3906
3885
3880
3873
3849
3844
3837
3834
3828
3820
3818
3813
3799
3798
3774
3766
3763
3757
3753
3732
3724
3723
3717
3713
3677
3655
3646
3617
3611
3608
3596
3587
3585
3568
3552
3528
3526
3518
3515
3495
3486
3481
3478
3472
3432
3429
3417
3407
3382
3379
3374
3367
3350
3337
3331
3324
3314
3310
3309
3303
3298
3288
3287
3281
3272
3255
3248
3239
3234
3233
3228
3225
3219
3215
3212
3208
3207
3205
3203
3186
3184
3182
3179
3177
3172
3161
3159
3155
3154
3147
3146
3138
3128
3125
3114
3107
3099
3089
3088
3083
3077
3076
3071
3070
3063
3053
3050
3044
3041
3034
3002
