405
15000
8582
8338
8330
8327
8322
8291
8169
8145
8119
7879
7877
7865
7860
7798
7789
7766
7751
7714
7645
7632
7605
7592
7578
7563
7557
7523
7507
7464
7459
7433
7424
7381
7363
7341
7337
7269
7258
7243
7195
7140
7106
7095
7089
7031
7028
6991
6960
6933
6931
6926
6883
6820
6773
6748
6741
6696
6660
6657
6655
6639
6591
6587
6577
6557
6555
6550
6542
6537
6520
6517
6496
6491
6481
6433
6423
6409
6388
6379
6362
6334
6267
6245
6235
6212
6192
6176
6156
6149
6124
6122
6117
6100
6092
6090
6070
6055
6049
6044
5994
5972
5956
5953
5929
5924
5899
5896
5885
5877
5871
5852
5841
5838
5836
5834
5799
5795
5761
5760
5749
5731
5730
5718
5712
5706
5694
5680
5668
5642
5610
5600
5597
5592
5579
5566
5538
5512
5478
5469
5459
5454
5448
5441
5438
5422
5396
5395
5364
5361
5335
5333
5319
5316
5314
5299
5290
5284
5274
5269
5267
5254
5240
5225
5217
5202
5195
5184
5166
5161
5154
5091
5071
5054
5053
5052
5040
5025
5014
4983
4976
4975
4971
4963
4946
4942
4939
4934
4927
4915
4913
4875
4869
4842
4838
4825
4819
4774
4754
4748
4738
4729
4726
4724
4697
4694
4672
4670
4660
4629
4628
4624
4623
4622
4606
4592
4574
4571
4565
4564
4545
4544
4543
4530
4527
4526
4522
4521
4508
4507
4505
4494
4493
4487
4484
4472
4471
4467
4462
4434
4432
4428
4426
4423
4422
4414
4413
4403
4378
4373
4357
4340
4322
4305
4304
4297
4284
4279
4278
4260
4237
4217
4208
4198
4197
4187
4172
4165
4163
4147
4141
4138
4128
4112
4107
4101
4076
4072
4064
4053
4047
4034
4019
4016
4012
4010
3984
3980
3972
3970
3966
3963
3945
3923
3922
3918
3911
3902
3899
3891
3883
3873
3869
3867
3864
3863
3858
3841
3831
3823
3810
3800
3798
3796
3795
3775
3754
3751
3750
3722
3720
3707
3699
3697
3689
3685
3680
3678
3675
3660
3656
3653
3652
3650
3646
3640
3629
3609
3608
3595
3591
3579
3566
3557
3556
3553
3550
3544
3532
3526
3502
3491
3486
3472
3465
3455
3440
3432
3414
3410
3401
3382
3367
3355
3346
3343
3341
3333
3332
3330
3294
3283
3276
3251
3248
3245
3243
3242
3224
3211
3177
3169
3156
3151
3134
3129
3124
3122
3118
3117
3111
3092
3084
3081
3078
3070
3063
3062
3055
3053
3052
3041
3036
3028
3023
3021
3015
